STATIONS_ID;MESS_DATUM;QN_3;  FX;  FM;QN_4; RSK;RSKF; SDK;SHK_TAG;  NM; VPM;  PM; TMK; UPM; TXK; TNK; TGK;eor
        691;20241226;   10;   5.1;   2.0;    9;   0.4;   6;    0.000;   0;   8.0;   9.5; 1036.40;    6.5;   98.00;    7.7;    4.1;    4.3;eor
        691;20241227;   10;   4.1;   1.9;    9;   0.0;   6;    0.000;   0;   8.0;   7.4; 1034.10;    2.7;  100.00;    4.2;    0.5;    1.1;eor
        691;20241228;   10;   5.7;   1.8;    9;   0.0;   0;    0.000;   0;   8.0;   6.0; 1029.20;   -0.3;   99.00;    0.8;   -1.0;   -0.3;eor
        691;20241229;   10;   9.6;   4.7;    9;   0.0;   6;    0.000;   0;   7.9;   6.7; 1026.40;    1.6;   97.00;    4.4;   -1.1;   -0.7;eor
        691;20241230;   10;  13.0;   7.0;    9;   0.0;   6;    0.000;   0;   7.8;   8.2; 1024.50;    5.3;   92.00;    6.5;    4.3;    4.1;eor
        691;20241231;   10;  17.8;   6.8;    9;   0.2;   6;    0.000;   0;   7.9;   7.2; 1021.00;    4.1;   88.00;    6.6;    2.2;    2.2;eor
        691;20250101;   10;  22.3;  11.6;    9;   4.7;   6;    0.000;   0;   7.5;   8.3; 1005.90;    7.1;   83.00;    8.7;    5.2;    4.6;eor
        691;20250102;   10;  15.9;   5.9;    9;   0.4;   8;    6.300;   0;   4.1;   6.5; 1008.70;    2.9;   86.00;    5.9;    0.7;   -0.3;eor
        691;20250103;   10;  16.3;   6.7;    9;   3.2;   8;    0.600;   0;   5.6;   5.7; 1012.80;    0.6;   90.00;    2.4;   -1.0;   -2.2;eor
        691;20250104;   10;   8.2;   3.6;    9;   0.0;   6;    0.100;   1;   6.6;   5.8; 1016.30;    0.2;   92.00;    1.9;   -3.3;   -6.5;eor
        691;20250105;   10;  12.7;   4.7;    9;  13.1;   8;    0.000;   0;   7.4;   6.1;  998.40;    1.0;   91.00;   10.7;   -0.5;   -1.6;eor
        691;20250106;   10;  28.5;   9.3;    9;   1.7;   6;    0.500;   0;   7.5;  10.0;  984.50;    9.9;   81.00;   12.3;    4.9;    3.5;eor
        691;20250107;   10;  15.8;   7.7;    9;   0.5;   6;    0.300;   0;   5.8;   6.4;  994.60;    3.8;   79.00;    5.6;    1.6;    0.3;eor
        691;20250108;   10;  13.9;   6.0;    9;   0.0;   6;    5.700;   0;   4.4;   6.0;  999.50;    2.3;   83.00;    4.8;    0.2;   -0.9;eor
        691;20250109;   10;   9.6;   2.4;    9;   3.4;   8;    0.000;   0;   7.0;   6.0; 1000.50;    0.4;   95.00;    1.8;   -2.1;   -3.5;eor
        691;20250110;   10;  13.9;   5.6;    9;   1.6;   8;    0.400;   0;   5.1;   6.3; 1012.50;    1.6;   91.00;    4.1;   -1.3;   -2.6;eor
        691;20250111;   10;  13.4;   3.1;    9;   0.2;   8;    2.600;   0;   2.1;   5.3; 1023.60;   -0.8;   91.00;    2.9;   -3.6;   -4.7;eor
        691;20250112;   10;   7.0;   2.9;    9;   0.0;   0;    7.400;   0;   0.0;   4.9; 1036.30;   -1.2;   88.00;    3.7;   -5.7;   -6.8;eor
        691;20250113;   10;   5.8;   1.9;    9;   0.0;   0;    7.400;   0;   3.1;   4.6; 1040.40;   -2.7;   90.00;    2.6;   -6.8;   -8.4;eor
        691;20250114;   10;   8.4;   4.5;    9;   0.1;   6;    0.000;   0;   7.6;   5.8; 1031.40;    1.0;   87.00;    4.4;   -4.4;   -6.2;eor
        691;20250115;   10;   6.9;   2.6;    9;   0.1;   6;    0.000;   0;   7.8;   8.8; 1031.70;    5.3;   99.00;    6.2;    4.3;    3.1;eor
        691;20250116;   10;   6.3;   3.1;    9;   0.0;   6;    0.000;   0;   8.0;   7.4; 1036.30;    2.9;   98.00;    4.7;   -0.4;    0.0;eor
        691;20250117;   10;   6.0;   2.3;    9;   0.0;   6;    0.000;   0;   8.0;   5.9; 1037.20;   -0.4;  100.00;    0.6;   -1.1;   -0.8;eor
        691;20250118;   10;   4.6;   2.1;    9;   0.0;   8;    0.000;   0;   8.0;   5.2; 1032.70;   -2.0;   99.00;   -0.8;   -3.1;   -2.5;eor
        691;20250119;   10;   4.6;   2.0;    9;   0.0;   6;    0.000;   0;   8.0;   5.3; 1023.50;   -1.8;   99.00;   -0.9;   -2.5;   -2.0;eor
        691;20250120;   10;   5.7;   2.5;    9;   0.0;   8;    0.000;   0;   8.0;   5.1; 1018.80;   -2.2;   97.00;   -1.2;   -2.9;   -2.4;eor
        691;20250121;   10;   6.7;   2.8;    9;   0.0;   0;    0.000;   0;   7.9;   5.4; 1016.50;   -1.2;   97.00;   -0.6;   -2.0;   -1.8;eor
        691;20250122;   10;   6.2;   2.8;    9;   6.2;   6;    3.000;   0;   7.9;   5.7; 1006.40;    0.5;   89.00;    3.7;   -2.9;   -3.5;eor
        691;20250123;   10;  12.9;   5.1;    9;   0.3;   6;    0.900;   0;   7.7;   7.2; 1001.10;    4.3;   87.00;    6.6;    2.5;    2.0;eor
        691;20250124;   10;  13.2;   6.1;    9;   7.9;   6;    0.000;   0;   7.5;   8.5; 1002.00;    6.6;   86.00;    8.5;    3.8;    3.0;eor
        691;20250125;   10;   7.2;   2.6;    9;   3.7;   6;    2.200;   0;   7.2;   8.8; 1003.60;    6.0;   93.00;    7.7;    2.3;    1.3;eor
        691;20250126;   10;  10.8;   2.5;    9;   4.1;   6;    0.100;   0;   7.6;   7.2; 1004.90;    3.8;   90.00;    5.1;    2.9;    2.0;eor
        691;20250127;   10;  22.5;   5.6;    9;   5.4;   6;    3.200;   0;   6.9;   8.6;  991.30;    7.5;   83.00;   12.0;    3.4;    2.8;eor
        691;20250128;   10;   8.7;   4.2;    9;   0.8;   6;    3.200;   0;   5.5;   7.8;  993.30;    6.9;   78.00;   10.2;    3.7;    0.4;eor
        691;20250129;   10;  15.9;   5.7;    9;   2.4;   6;    0.400;   0;   7.2;   8.5;  999.10;    6.7;   86.00;    8.0;    4.9;    2.7;eor
        691;20250130;   10;  10.3;   2.9;    9;   5.2;   6;    0.000;   0;   6.5;   7.9; 1013.40;    4.8;   92.00;    7.0;    1.6;    0.1;eor
        691;20250131;   10;   9.8;   3.5;    9;   0.0;   0;    4.700;   0;   4.3;   6.4; 1025.80;    2.6;   88.00;    7.1;   -1.6;   -3.8;eor
        691;20250201;   10;   3.6;   1.1;    9;   0.0;   6;    0.000;   0;   7.5;   5.7; 1032.10;   -0.8;   99.00;    1.7;   -3.6;   -4.2;eor
        691;20250202;   10;   4.1;   2.0;    9;   0.0;   6;    3.300;   0;   7.0;   5.4; 1026.90;   -1.3;   97.00;    1.7;   -4.6;   -4.9;eor
        691;20250203;   10;   4.1;   1.5;    9;   0.0;   0;    6.700;   0;   6.0;   5.1; 1026.80;   -1.5;   92.00;    3.8;   -5.2;   -5.0;eor
        691;20250204;   10;   6.7;   2.7;    9;   0.0;   6;    0.000;   0;   7.3;   5.7; 1026.90;    0.3;   90.00;    2.8;   -3.5;   -5.3;eor
        691;20250205;   10;   8.1;   3.6;    9;   0.0;   6;    0.000;   0;   7.8;   7.5; 1034.80;    3.8;   93.00;    6.6;    0.6;    0.4;eor
        691;20250206;   10;   7.5;   2.9;    9;   0.2;   6;    3.500;   0;   5.6;   7.4; 1041.80;    4.0;   91.00;    6.4;    1.7;    0.3;eor
        691;20250207;   10;  13.5;   6.5;    9;   0.0;   0;    0.000;   0;   7.5;   5.5; 1034.40;    2.2;   77.00;    3.3;    1.3;   -0.1;eor
        691;20250208;   10;  11.8;   5.1;    9;   0.0;   0;    1.200;   0;   8.0;   5.6; 1026.00;    2.8;   75.00;    5.5;    0.3;   -1.6;eor
        691;20250209;   10;   9.8;   4.4;    9;   0.0;   0;    7.600;   0;   6.0;   5.5; 1030.60;    1.8;   79.00;    5.2;   -0.9;   -2.3;eor
        691;20250210;   10;  12.0;   6.1;    9;   0.0;   0;    3.400;   0;   7.2;   5.4; 1029.20;    2.2;   76.00;    3.8;    0.9;   -0.2;eor
        691;20250211;   10;  13.2;   6.1;    9;   0.7;   8;    0.000;   0;   7.2;   4.6; 1023.60;    0.5;   73.00;    2.0;   -1.5;   -1.4;eor
        691;20250212;   10;   8.9;   4.2;    9;   1.0;   8;    0.000;   0;   7.8;   4.6; 1019.60;   -0.3;   76.00;    1.7;   -2.6;   -3.0;eor
        691;20250213;   10;   8.7;   3.9;    9;   0.1;   8;    0.000;   1;   7.7;   4.8; 1020.60;   -1.3;   87.00;    1.0;   -3.8;   -4.6;eor
        691;20250214;   10;   7.7;   2.9;    9;   0.0;   8;    0.000;   1;   8.0;   5.2; 1027.10;    0.2;   83.00;    1.0;   -0.9;   -1.6;eor
        691;20250215;   10;   5.1;   1.2;    9;   0.0;   0;    0.500;   1;   7.9;   5.0; 1024.90;   -0.2;   84.00;    2.3;   -3.0;   -5.5;eor
        691;20250216;   10;   9.3;   3.6;    9;   0.0;   0;    5.000;   0;   5.6;   4.4; 1024.90;   -0.6;   76.00;    2.5;   -3.4;   -5.0;eor
        691;20250217;   10;   6.2;   2.6;    9;   0.0;   0;    7.200;   0;   1.2;   3.5; 1026.80;   -2.9;   71.00;    2.0;   -6.8;   -9.0;eor
        691;20250218;   10;   8.4;   3.0;    9;   0.0;   0;    9.500;   0;   0.1;   3.1; 1029.40;   -2.8;   64.00;    2.0;   -8.7;  -10.9;eor
        691;20250219;   10;  13.0;   5.6;    9;   0.0;   0;    9.300;   0;   1.1;   3.0; 1027.20;   -0.6;   54.00;    4.8;   -4.6;   -6.4;eor
        691;20250220;   10;   8.2;   4.1;    9;   0.0;   6;    2.900;   0;   6.9;   4.8; 1022.00;    2.2;   65.00;    6.6;   -2.9;   -3.9;eor
        691;20250221;   10;   8.7;   3.7;    9;   0.0;   0;    6.300;   0;   6.8;   9.8; 1019.30;   10.0;   80.00;   15.9;    6.0;    4.7;eor
        691;20250222;   10;  10.3;   3.5;    9;   0.6;   6;    1.300;   0;   7.8;   9.6; 1015.20;   10.2;   78.00;   14.1;    6.5;    5.0;eor
        691;20250223;   10;  10.3;   4.2;    9;   0.0;   0;    3.800;   0;   6.0;   9.6; 1025.00;    9.3;   82.00;   12.6;    6.7;    2.9;eor
        691;20250224;   10;  11.3;   4.9;    9;   1.0;   6;    0.000;   0;   7.6;   9.6; 1016.60;   10.3;   77.00;   12.9;    7.5;    5.9;eor
        691;20250225;   10;   8.2;   2.7;    9;   0.0;   6;    4.100;   0;   6.8;   9.4; 1013.10;    9.0;   82.00;   12.3;    5.5;    3.5;eor
        691;20250226;   10;   7.2;   2.7;    9;   3.6;   6;    1.500;   0;   5.8;   8.1; 1014.10;    6.0;   86.00;    9.1;    3.1;   -0.3;eor
        691;20250227;   10;  13.2;   2.8;    9;   2.8;   6;    2.000;   0;   7.0;   7.7; 1014.10;    4.8;   89.00;    8.6;    2.2;    0.4;eor
        691;20250228;   10;   7.7;   3.3;    9;   0.0;   6;    0.200;   0;   7.8;   7.3; 1023.50;    4.0;   90.00;    4.9;    2.8;    2.4;eor
        691;20250301;   10;   7.2;   2.7;    9;   0.0;   0;    1.400;   0;   7.2;   6.9; 1032.20;    3.0;   91.00;    6.1;   -2.0;   -3.4;eor
        691;20250302;   10;   7.9;   2.4;    9;   0.0;   0;    6.800;   0;   4.4;   6.1; 1033.30;    3.0;   82.00;    9.8;   -2.5;   -3.6;eor
        691;20250303;   10;   6.9;   2.1;    9;   0.0;   0;    9.800;   0;   2.1;   5.5; 1028.60;    3.1;   74.00;   10.3;   -2.8;   -5.2;eor
        691;20250304;   10;   8.1;   2.3;    9;   0.0;   0;    9.100;   0;   2.8;   6.4; 1025.30;    3.7;   80.00;   11.5;   -2.9;   -5.4;eor
        691;20250305;   10;  11.5;   3.4;    9;   0.0;   0;   10.100;   0;   0.3;   6.1; 1021.80;    6.8;   65.00;   15.4;   -0.3;   -4.6;eor
        691;20250306;   10;   8.1;   2.3;    9;   0.0;   0;    9.700;   0;   0.3;   6.7; 1018.00;    7.4;   67.00;   17.0;   -0.9;   -4.5;eor
        691;20250307;   10;   5.5;   1.6;    9;   0.0;   0;   10.300;   0;   1.5;   7.2; 1017.10;    9.5;   63.00;   18.6;    1.4;   -2.8;eor
        691;20250308;   10;   8.2;   2.7;    9;   0.0;   0;   10.100;   0;   1.7;   6.8; 1014.90;    9.7;   60.00;   18.0;    1.2;   -2.6;eor
        691;20250309;   10;   5.1;   2.3;    9;   0.0;   0;   10.200;   0;   1.5;   6.8; 1007.20;    9.4;   59.00;   17.6;    2.1;   -2.3;eor
        691;20250310;   10;   7.0;   2.3;    9;   0.0;   0;   10.100;   0;   0.0;   6.9; 1001.80;    4.7;   83.00;   13.2;   -3.2;   -4.7;eor
        691;20250311;   10;   7.2;   2.7;    9;   0.0;   6;    0.000;   0;   6.5;   7.3; 1000.80;    3.3;   94.00;    6.3;   -1.7;   -3.0;eor
        691;20250312;   10;  12.0;   3.2;    9;   0.2;   6;    3.100;   0;   6.3;   6.7;  998.60;    4.1;   83.00;    8.3;   -0.7;   -3.9;eor
        691;20250313;   10;   7.7;   2.4;    9;   0.0;   0;    3.600;   0;   2.7;   5.5;  998.70;    1.2;   84.00;    7.3;   -4.1;   -6.5;eor
        691;20250314;   10;   9.8;   3.3;    9;   0.9;   6;    3.400;   0;   6.0;   5.8; 1008.20;    1.3;   87.00;    6.6;   -4.5;   -6.9;eor
        691;20250315;   10;   8.6;   4.2;    9;   0.0;   0;    6.400;   0;   3.3;   5.6; 1019.90;    3.0;   75.00;    7.7;   -0.8;   -3.5;eor
        691;20250316;   10;   9.3;   3.0;    9;   0.0;   6;    4.200;   0;   4.5;   6.1; 1021.70;    2.7;   81.00;    7.9;   -5.5;   -7.6;eor
        691;20250317;   10;  12.3;   4.3;    9;   0.0;   0;   10.900;   0;   2.3;   3.9; 1030.10;    3.5;   51.00;    8.0;   -1.2;   -7.2;eor
        691;20250318;   10;   5.7;   1.7;    9;   0.0;   0;   11.000;   0;   0.2;   3.3; 1030.50;    3.1;   47.00;    9.7;   -4.7;   -8.5;eor
        691;20250319;   10;   5.8;   1.9;    9;   0.0;   0;   11.200;   0;   0.0;   4.0; 1025.40;    5.4;   47.00;   14.9;   -3.4;   -7.9;eor
        691;20250320;   10;   8.7;   2.1;    9;   0.0;   0;    9.900;   0;   1.4;   6.5; 1021.50;    9.1;   58.00;   19.1;   -0.6;   -4.0;eor
        691;20250321;   10;  11.3;   4.2;    9;   0.0;   0;   11.400;   0;   0.0;   6.9; 1017.30;   11.6;   55.00;   20.0;    1.1;   -2.1;eor
        691;20250322;   10;  16.5;   7.2;    9;   0.0;   0;   11.100;   0;   0.8;   5.8; 1009.60;   12.4;   41.00;   17.5;    7.8;    5.7;eor
        691;20250323;   10;   9.8;   3.6;    9;   0.0;   6;    8.300;   0;   5.4;   7.2; 1005.80;   11.0;   55.00;   16.3;    4.8;    0.5;eor
        691;20250324;   10;   8.2;   2.5;    9;   0.2;   6;    2.700;   0;   7.1;   8.9; 1012.30;    9.4;   76.00;   16.5;    2.7;    0.4;eor
        691;20250325;   10;   8.7;   4.5;    9;   1.0;   6;    2.500;   0;   7.8;   8.5; 1017.90;    8.0;   80.00;   13.0;    4.9;    4.9;eor
        691;20250326;   10;   9.9;   5.0;    9;   0.0;   6;    0.000;   0;   7.7;   8.7; 1021.80;    7.3;   85.00;    9.0;    2.7;   -0.8;eor
        691;20250327;   10;   7.2;   2.2;    9;   0.0;   0;   11.600;   0;   1.6;   7.5; 1020.40;    7.2;   76.00;   15.3;   -1.2;   -3.2;eor
        691;20250328;   10;   9.3;   2.9;    9;   0.0;   6;   11.900;   0;   1.1;   7.7; 1011.30;    9.7;   68.00;   18.6;    1.2;   -3.2;eor
        691;20250329;   10;  11.0;   3.7;    9;   0.7;   6;   11.100;   0;   3.6;   7.9; 1016.00;    8.7;   73.00;   13.8;    2.4;   -1.1;eor
        691;20250330;   10;  18.9;   7.8;    9;   6.0;   6;    0.800;   0;   7.5;   8.7; 1011.00;    7.9;   82.00;   10.9;    4.5;    2.9;eor
        691;20250331;   10;  11.3;   5.6;    9;   0.0;   0;   10.200;   0;   3.0;   8.1; 1023.80;    7.8;   77.00;   11.8;    1.7;   -0.9;eor
        691;20250401;   10;   9.8;   3.4;    9;   0.0;   0;   11.200;   0;   1.2;   6.6; 1029.00;    7.5;   68.00;   15.2;   -2.7;   -3.9;eor
        691;20250402;   10;  12.2;   4.7;    9;   0.0;   0;   12.300;   0;   0.0;   7.4; 1027.40;   10.1;   61.00;   17.1;    2.4;   -2.4;eor
        691;20250403;   10;   8.6;   3.4;    9;   0.0;   0;   12.100;   0;   0.3;   6.6; 1025.80;   11.7;   51.00;   20.0;    2.8;   -0.6;eor
        691;20250404;   10;   9.4;   2.7;    9;   0.0;   0;   12.400;   0;   0.4;   8.0; 1020.90;   13.1;   55.00;   21.4;    4.2;   -0.2;eor
        691;20250405;   10;  11.3;   5.2;    9;   0.0;   0;   12.300;   0;   1.9;   6.0; 1021.20;    8.1;   58.00;   13.4;    1.8;   -1.8;eor
        691;20250406;   10;   6.2;   2.5;    9;   0.0;   0;   12.500;   0;   0.1;   4.6; 1027.00;    5.6;   53.00;   11.2;   -1.3;   -5.1;eor
        691;20250407;   10;   7.7;   2.4;    9;   0.0;   0;   12.700;   0;   0.0;   5.3; 1026.70;    6.4;   58.00;   13.6;   -3.1;   -6.4;eor
        691;20250408;   10;   7.7;   2.0;    9;   0.0;   0;   12.400;   0;   1.0;   7.1; 1026.90;    7.3;   72.00;   16.1;   -2.4;   -4.9;eor
        691;20250409;   10;  11.3;   4.6;    9;   0.0;   6;    0.200;   0;   7.3;   7.8; 1024.70;    6.8;   79.00;    9.8;    3.6;    2.6;eor
        691;20250410;   10;  11.5;   4.1;    9;   0.0;   0;    7.000;   0;   5.6;   8.2; 1024.70;    9.0;   72.00;   13.9;    6.1;    4.9;eor
        691;20250411;   10;  12.9;   5.8;    9;   0.0;   0;   10.500;   0;   6.0;   9.5; 1018.80;   11.0;   74.00;   18.3;    6.3;    5.6;eor
        691;20250412;   10;   8.2;   2.8;    9;   0.0;   6;   10.100;   0;   4.9;   9.2; 1012.20;   13.0;   66.00;   20.2;    6.5;    5.6;eor
        691;20250413;   10;  12.2;   4.4;    9;   2.3;   6;    1.800;   0;   6.9;  11.3; 1003.00;   13.7;   72.00;   19.3;    9.8;    7.3;eor
        691;20250414;   10;   8.6;   2.8;    9;   0.0;   6;    7.700;   0;   6.5;  10.4; 1008.40;   12.2;   75.00;   18.2;    6.6;    4.7;eor
        691;20250415;   10;  15.8;   4.9;    9;   0.7;   6;    9.700;   0;   5.6;  12.0; 1000.70;   16.5;   65.00;   24.0;    9.3;    7.2;eor
        691;20250416;   10;  13.0;   3.7;    9;   0.6;   6;    6.500;   0;   5.8;  12.3; 1006.90;   14.2;   76.00;   21.6;    9.2;    7.3;eor
        691;20250417;   10;  12.7;   6.3;    9;   4.1;   6;    0.000;   0;   8.0;   9.4; 1009.60;    9.9;   77.00;   11.1;    8.7;    7.9;eor
        691;20250418;   10;  11.7;   5.3;    9;   0.1;   6;    0.000;   0;   7.8;   9.6; 1011.90;    8.9;   85.00;   10.6;    7.8;    7.6;eor
        691;20250419;   10;   6.7;   3.1;    9;   0.0;   0;    5.300;   0;   5.1;   8.9; 1009.30;    9.0;   78.00;   13.7;    2.2;   -1.0;eor
        691;20250420;   10;   5.7;   2.2;    9;   0.5;   6;    8.900;   0;   4.4;   8.6; 1006.70;    8.6;   78.00;   16.1;    0.5;   -1.6;eor
        691;20250421;   10;   7.5;   1.7;    9;   1.4;   6;    2.600;   0;   7.4;  11.1; 1009.70;   11.2;   84.00;   16.7;    7.0;    5.1;eor
        691;20250422;   10;   8.2;   2.3;    9;   0.0;   6;    4.600;   0;   6.3;  11.3; 1015.60;   11.5;   84.00;   15.8;    4.5;    3.3;eor
        691;20250423;   10;  10.3;   2.6;    9;   3.3;   6;    0.900;   0;   7.5;  11.2; 1015.60;   11.3;   84.00;   17.1;    4.7;    3.0;eor
        691;20250424;   10;   8.4;   3.5;    9;   0.5;   6;    0.000;   0;   7.9;  11.2; 1017.00;   12.1;   80.00;   15.8;    9.2;    7.3;eor
        691;20250425;   10;   8.2;   3.0;    9;   0.0;   6;    4.400;   0;   5.0;  10.0; 1021.40;    9.5;   85.00;   15.5;    3.0;    1.3;eor
        691;20250426;   10;   8.7;   3.1;    9;   0.0;   0;-999;   0;   0.5;   8.2; 1023.90;   11.9;   63.00;   18.5;    4.1;    0.4;eor
        691;20250427;   10;   9.3;   3.0;    9;   0.0;   0;-999;   0;   0.0;   6.8; 1025.90;   11.8;   52.00;   18.4;    3.6;   -0.1;eor
        691;20250428;   10;   7.7;   1.8;    9;   0.0;   0;-999;   0;   3.2;   8.0; 1026.10;   12.3;   61.00;   21.1;    2.3;   -0.8;eor
        691;20250429;   10;   8.7;   2.8;    9;   0.0;   0;-999;   0;   4.4;  11.2; 1026.10;   13.7;   72.00;   20.6;    5.1;    3.0;eor
        691;20250430;   10;   6.7;   1.7;    9;   0.0;   0;-999;   0;   3.8;  11.4; 1023.60;   15.5;   68.00;   23.9;    4.1;    2.1;eor
        691;20250501;   10;   8.2;   2.3;    9;   0.0;   0;-999;   0;   4.9;  12.4; 1018.10;   18.3;   63.00;   27.0;    7.8;    4.9;eor
        691;20250502;   10;   9.6;   3.0;    9;   2.1;   6;-999;   0;   4.8;  12.0; 1013.20;   15.7;   69.00;   24.6;    6.8;    5.1;eor
        691;20250503;   10;  13.9;   3.0;    9;   0.5;   6;-999;   0;   3.3;   9.2; 1009.90;   10.5;   75.00;   17.2;    4.0;    2.6;eor
        691;20250504;   10;  14.4;   5.8;    9;   0.0;   6;-999;   0;   6.1;   8.0; 1011.20;    9.1;   70.00;   12.3;    6.0;    4.1;eor
        691;20250505;   10;   9.3;   4.0;    9;   0.0;   0;-999;   0;   4.2;   7.5; 1017.90;   10.0;   62.00;   14.7;    6.9;    3.4;eor
        691;20250506;   10;  12.2;   4.5;    9;   0.0;   6;-999;   0;   4.5;   8.3; 1019.50;    8.8;   74.00;   14.9;    1.0;   -1.2;eor
        691;20250507;   10;   7.2;   2.3;    9;   0.0;   0;-999;   0;   6.5;   7.4; 1019.80;   11.3;   60.00;   18.1;    0.9;   -0.7;eor
        691;20250508;   10;  10.1;   3.3;    9;   0.0;   0;-999;   0;   4.1;   7.0; 1019.60;   12.2;   51.00;   17.5;    6.0;    1.8;eor
        691;20250509;   10;  10.3;   2.4;    9;   0.0;   0;-999;   0;   1.8;   7.8; 1021.00;   12.8;   58.00;   20.8;    2.1;   -0.2;eor
        691;20250510;   10;   8.2;   2.5;    9;   0.0;   0;-999;   0;   4.5;  10.0; 1020.90;   12.8;   70.00;   20.1;    2.6;    0.5;eor
        691;20250511;   10;   9.8;   3.8;    9;   0.0;   0;-999;   0;   2.5;   9.9; 1016.80;   15.8;   58.00;   22.4;    7.9;    5.5;eor
        691;20250512;   10;  11.1;   4.8;    9;   0.0;   0;-999;   0;   1.3;   7.6; 1017.10;   14.3;   49.00;   20.0;    8.0;    6.9;eor
        691;20250513;   10;   8.7;   3.3;    9;   0.0;   0;   14.600;   0;   2.1;   7.9; 1019.60;   14.7;   51.00;   22.1;    5.3;    3.2;eor
        691;20250514;   10;  12.2;   5.0;    9;   0.0;   0;   13.300;   0;   5.4;  10.3; 1016.60;   13.4;   69.00;   18.7;    6.7;    5.1;eor
        691;20250515;   10;  12.3;   4.9;    9;   0.0;   0;   14.000;   0;   1.8;   8.4; 1018.70;   13.0;   58.00;   18.2;    7.6;    5.4;eor
        691;20250516;   10;  13.2;   5.0;    9;   0.0;   0;   13.500;   0;   2.2;  10.3; 1018.30;   12.0;   74.00;   16.9;    4.0;    2.0;eor
        691;20250517;   10;  14.7;   5.6;    9;   0.0;   0;   14.000;   0;   2.4;   9.9; 1015.50;   13.1;   67.00;   19.8;    4.7;    2.4;eor
        691;20250518;   10;  10.8;   4.5;    9;   0.0;   6;    8.000;   0;   5.1;   9.8; 1015.40;   13.4;   67.00;   19.0;    7.0;    5.6;eor
        691;20250519;   10;   8.1;   2.6;    9;   0.0;   0;    7.700;   0;   5.5;  11.1; 1018.60;   15.2;   66.00;   20.6;    8.0;    5.7;eor
        691;20250520;   10;  10.3;   3.1;    9;   0.0;   0;   13.600;   0;   2.0;  10.6; 1016.20;   15.1;   66.00;   23.5;    6.0;    4.1;eor
        691;20250521;   10;  14.2;   6.2;    9;   0.0;   0;   10.200;   0;   6.3;  10.0; 1011.20;   13.4;   67.00;   19.6;    8.4;    7.3;eor
        691;20250522;   10;  20.1;   6.3;    9;   5.2;   6;    9.300;   0;   4.5;   7.3; 1011.10;    9.6;   62.00;   14.2;    4.7;    2.5;eor
        691;20250523;   10;  14.2;   4.9;    9;   2.0;   6;    8.200;   0;   5.9;   8.3; 1013.10;    9.4;   72.00;   15.4;    5.4;    4.2;eor
        691;20250524;   10;  12.0;   5.1;    9;   4.8;   6;    8.600;   0;   5.1;  10.1; 1012.50;   12.0;   73.00;   18.6;    4.2;    1.8;eor
        691;20250525;   10;  15.6;   4.9;    9;   8.3;   6;    2.000;   0;   7.6;  14.3; 1007.50;   14.6;   87.00;   20.0;    8.5;    6.8;eor
        691;20250526;   10;  16.5;   3.6;    9;   2.9;   6;    7.100;   0;   7.0;  11.4; 1013.80;   13.1;   77.00;   18.4;    7.0;    4.8;eor
        691;20250527;   10;  15.4;   6.0;    9;   7.6;   6;    0.800;   0;   7.6;  13.2; 1012.60;   14.3;   81.00;   17.5;   11.4;   10.5;eor
        691;20250528;   10;  13.4;   6.0;    9;   0.8;   6;    4.700;   0;   5.8;  13.5; 1011.30;   14.7;   81.00;   18.8;    7.0;    5.0;eor
        691;20250529;   10;   9.4;   3.4;    9;   3.2;   6;    6.600;   0;   6.0;  12.6; 1018.90;   12.7;   86.00;   18.0;    5.5;    3.4;eor
        691;20250530;   10;  12.2;   5.4;    9;   0.0;   0;    5.400;   0;   6.6;  16.1; 1017.20;   18.6;   76.00;   23.6;   14.0;   10.3;eor
        691;20250531;   10;   5.1;   1.3;    9;   1.2;   6;    9.200;   0;   5.7;  15.1; 1016.50;   18.9;   72.00;   25.7;    9.7;    8.4;eor
        691;20250601;   10;  12.3;   4.7;    9;   0.0;   0;    6.800;   0;   7.3;  16.1; 1011.50;   18.5;   76.00;   23.7;   10.2;    7.1;eor
        691;20250602;   10;  10.3;   3.3;    9;   2.6;   6;    7.900;   0;   3.6;  12.7; 1013.80;   14.2;   80.00;   20.7;    8.3;    5.3;eor
        691;20250603;   10;  11.3;   3.3;    9;   0.0;   6;   11.700;   0;   3.6;  11.8; 1010.80;   16.1;   68.00;   22.8;    6.1;    4.0;eor
        691;20250604;   10;  12.5;   3.7;    9;   0.6;   6;    3.300;   0;   7.0;  14.2; 1006.40;   16.7;   75.00;   22.1;   10.0;    8.1;eor
        691;20250605;   10;  14.6;   3.8;    9;   4.4;   6;    4.600;   0;   6.2;  13.4; 1007.40;   14.9;   81.00;   19.8;    9.6;    7.7;eor
        691;20250606;   10;  15.3;   5.8;    9;   2.9;   6;    4.700;   0;   7.0;  14.1; 1005.30;   15.2;   82.00;   18.8;   12.0;   10.8;eor
        691;20250607;   10;  10.8;   4.0;    9;   8.1;   6;    2.500;   0;   7.5;  13.5; 1006.80;   13.9;   85.00;   18.2;   10.6;    9.2;eor
        691;20250608;   10;  16.5;   5.8;    9;   6.8;   6;    1.800;   0;   7.8;  12.6; 1008.10;   12.2;   89.00;   16.1;    9.6;    8.5;eor
        691;20250609;   10;  11.8;   3.6;    9;   2.6;   6;    6.300;   0;   6.5;  12.1; 1019.90;   13.0;   81.00;   17.9;    8.6;    7.6;eor
        691;20250610;   10;  16.8;   5.4;    9;   2.5;   6;    1.000;   0;   7.1;  13.4; 1013.40;   13.8;   85.00;   17.5;   10.0;    8.6;eor
        691;20250611;   10;   9.8;   3.9;    9;   0.0;   0;   12.800;   0;   3.2;  11.6; 1021.30;   14.5;   71.00;   19.1;    9.3;    7.2;eor
        691;20250612;   10;  11.8;   4.2;    9;   0.0;   0;   15.900;   0;   0.2;  11.8; 1021.40;   17.3;   63.00;   23.9;    6.9;    3.7;eor
        691;20250613;   10;  10.5;   5.2;    9;   0.0;   0;   15.800;   0;   2.7;  12.6; 1021.70;   21.1;   50.00;   27.5;   14.3;   13.2;eor
        691;20250614;   10;  19.0;   4.4;    9;   6.0;   6;   13.500;   0;   3.7;  16.4; 1017.20;   24.3;   53.00;   32.5;   16.9;   15.7;eor
        691;20250615;   10;  11.1;   3.3;    9;   1.6;   6;    1.000;   0;   6.6;  17.1; 1018.90;   17.9;   83.00;   21.1;   12.6;   11.1;eor
        691;20250616;   10;   8.7;   3.7;    9;   0.0;   0;    9.000;   0;   4.8;  14.6; 1024.90;   17.2;   75.00;   21.5;   11.2;    9.1;eor
        691;20250617;   10;   8.1;   2.5;    9;   0.0;   0;   14.100;   0;   4.7;  14.6; 1024.30;   18.7;   71.00;   25.8;    9.6;    7.9;eor
        691;20250618;   10;   9.1;   3.3;    9;   0.0;   0;   11.000;   0;   3.9;  15.2; 1022.00;   18.4;   73.00;   24.7;   11.8;   10.0;eor
        691;20250619;   10;  12.2;   4.8;    9;   0.0;   0;   14.100;   0;   1.8;  11.2; 1025.80;   15.5;   66.00;   20.5;    8.4;    6.0;eor
        691;20250620;   10;   6.7;   2.2;    9;   0.0;   0;   13.400;   0;   2.4;  12.0; 1026.40;   16.0;   68.00;   23.2;    6.0;    4.1;eor
        691;20250621;   10;   7.7;   1.7;    9;   0.0;   0;   15.800;   0;   3.2;  12.5; 1021.60;   20.9;   57.00;   29.2;    9.8;    7.1;eor
        691;20250622;   10;  12.3;   2.9;    9;   2.8;   6;    9.600;   0;   5.6;  15.5; 1013.10;   23.3;   57.00;   32.4;   14.9;   11.2;eor
        691;20250623;   10;  19.5;   6.8;    9;   6.8;   6;    5.800;   0;   6.9;  14.0; 1008.20;   17.2;   72.00;   21.0;   14.2;   12.4;eor
        691;20250624;   10;  13.9;   5.8;    9;   7.8;   4;    0.400;   0;   7.6;  14.3; 1009.50;   16.6;   75.00;   20.4;   13.9;   12.7;eor
        691;20250625;   10;  10.1;   4.3;    9;   0.0;   4;    4.500;   0;   6.0;  17.8; 1010.70;   18.9;   82.00;   22.8;   14.1;   12.1;eor
        691;20250626;   10;  14.1;   4.7;    9;   1.1;   6;    1.900;   0;   7.6;  18.1; 1010.70;   19.0;   82.00;   24.8;   13.9;   11.7;eor
        691;20250627;   10;   9.8;   4.9;    9;   2.3;   6;    2.800;   0;   7.4;  15.1; 1019.20;   17.1;   78.00;   20.7;   14.1;   12.2;eor
        691;20250628;   10;  12.2;   4.7;    9;   0.0;   4;    6.400;   0;   4.8;  19.2; 1021.10;   20.8;   78.00;   26.4;   13.4;   11.8;eor
        691;20250629;   10;  10.3;   4.5;    9;   0.0;   6;    7.800;   0;   5.4;  18.2; 1022.40;   20.1;   77.00;   25.3;   13.7;   11.3;eor
        691;20250630;   10;   7.2;   2.2;    9;   0.0;   0;   16.000;   0;   0.3;  11.7; 1021.70;   19.1;   58.00;   26.3;    8.6;    6.6;eor
        691;20250701;   10;   7.5;   2.7;    9;   0.0;   0;   15.900;   0;   0.0;  14.1; 1016.10;   25.2;   45.00;   34.4;   15.5;   11.4;eor
        691;20250702;   10;  27.6;   3.1;    9;  -999;   6;   11.700;   0;   3.0;  17.7; 1013.10;   26.2;   57.00;   36.2;   18.1;   17.8;eor
        691;20250703;   10;  13.0;   5.3;    9;   0.0;   6;   10.700;   0;   5.1;  13.5; 1023.10;   17.7;   67.00;   21.3;   10.8;    8.9;eor
        691;20250704;   10;   9.8;   3.0;    9;   0.0;   6;   13.100;   0;   4.5;  12.3; 1024.50;   17.3;   65.00;   23.9;    9.5;    8.3;eor
        691;20250705;   10;  14.2;   4.7;    9;   0.9;   6;    1.300;   0;   7.8;  13.9; 1013.60;   18.6;   65.00;   23.8;   14.0;   12.0;eor
        691;20250706;   10;  13.4;   4.7;    9;   5.6;   6;    4.200;   0;   7.4;  16.9; 1005.30;   18.1;   82.00;   24.2;   12.9;   12.0;eor
        691;20250707;   10;  10.3;   3.3;    9;  13.5;   6;    0.500;   0;   7.0;  15.2; 1003.30;   14.8;   90.00;   17.2;   10.2;    8.9;eor
        691;20250708;   10;  15.4;   5.3;    9;   6.3;   6;    2.800;   0;   6.8;  13.6; 1010.20;   15.0;   80.00;   18.8;   10.2;    8.8;eor
        691;20250709;   10;  10.3;   4.8;    9;   0.0;   0;   11.700;   0;   5.8;  15.0; 1018.20;   17.7;   76.00;   23.0;   12.9;   10.3;eor
        691;20250710;   10;  10.8;   3.6;    9;   0.0;   6;    6.800;   0;   7.1;  15.3; 1020.60;   17.1;   79.00;   22.1;   11.5;   10.3;eor
        691;20250711;   10;  10.6;   4.4;    9;   0.2;   6;    9.000;   0;   6.0;  15.5; 1018.00;   18.1;   76.00;   22.5;   12.7;   11.2;eor
        691;20250712;   10;  10.8;   4.8;    9;   0.8;   6;    2.400;   0;   7.5;  17.1; 1011.80;   18.6;   80.00;   22.8;   15.4;   15.2;eor
        691;20250713;   10;   6.7;   2.4;    9;   0.0;   0;    7.600;   0;   6.0;  15.9; 1010.40;   19.2;   73.00;   24.3;   15.0;   13.0;eor
        691;20250714;   10;  11.7;   2.6;    9;   0.3;   6;   11.500;   0;   4.4;  16.8; 1012.40;   20.4;   73.00;   26.4;   11.7;   10.5;eor
        691;20250715;   10;  13.2;   3.3;    9;   7.1;   6;    3.700;   0;   6.7;  16.1; 1015.30;   17.0;   84.00;   22.6;   12.5;   11.8;eor
        691;20250716;   10;   7.7;   2.4;    9;   5.0;   6;    3.500;   0;   6.2;  15.1; 1011.80;   16.1;   83.00;   20.4;   12.7;   10.2;eor
        691;20250717;   10;  10.3;   4.3;    9;   2.2;   6;    0.000;   0;   6.8;  17.7; 1014.10;   16.7;   93.00;   19.4;   11.0;    9.1;eor
        691;20250718;   10;   5.7;   2.4;    9;   0.1;   6;    4.900;   0;   7.5;  19.0; 1014.00;   20.1;   82.00;   25.1;   16.7;   16.3;eor
        691;20250719;   10;   8.2;   2.9;    9;   0.1;   6;    8.200;   0;   5.4;  18.4; 1009.50;   21.9;   73.00;   27.9;   13.6;   12.6;eor
        691;20250720;   10;   7.2;   2.6;    9;   0.5;   6;    6.500;   0;   6.6;  19.0; 1004.40;   23.3;   67.00;   28.0;   18.3;   17.5;eor
        691;20250721;   10;   9.1;   3.4;    9;   0.1;   6;    3.300;   0;   7.3;  18.2; 1004.10;   20.0;   78.00;   23.8;   14.6;   12.0;eor
        691;20250722;   10;  11.7;   4.7;    9;   0.7;   6;    1.000;   0;   7.5;  17.2; 1005.60;   17.5;   86.00;   21.1;   14.0;   11.4;eor
        691;20250723;   10;  13.7;   6.7;    9;   0.0;   6;    5.600;   0;   6.0;  17.3; 1008.30;   19.1;   79.00;   23.8;   13.9;   11.8;eor
        691;20250724;   10;   9.3;   3.7;    9;   1.5;   6;    5.900;   0;   6.2;  18.0; 1012.10;   19.2;   82.00;   24.4;   13.0;   10.9;eor
        691;20250725;   10;   8.7;   3.5;    9;   0.0;   6;    0.000;   0;   7.7;  18.8; 1015.20;   18.6;   88.00;   20.8;   14.6;   12.0;eor
        691;20250726;   10;  11.7;   2.4;    9;   1.0;   6;    6.700;   0;   5.0;  16.2; 1014.80;   18.9;   76.00;   24.9;   11.0;    9.0;eor
        691;20250727;   10;   9.4;   3.3;    9;   2.2;   6;    0.300;   0;   7.8;  16.9; 1011.80;   17.9;   83.00;   20.0;   15.8;   15.1;eor
        691;20250728;   10;  13.0;   4.5;    9;   0.6;   6;    7.100;   0;   6.3;  15.5; 1013.30;   17.7;   77.00;   21.8;   12.8;   10.6;eor
        691;20250729;   10;  12.9;   4.6;    9;   1.1;   6;    5.500;   0;   6.2;  14.1; 1014.20;   16.2;   77.00;   20.8;   10.7;    8.8;eor
        691;20250730;   10;  12.9;   4.8;    9;   2.0;   6;    1.800;   0;   6.8;  14.1; 1012.80;   15.3;   82.00;   18.9;   11.4;    9.6;eor
        691;20250731;   10;  13.9;   5.9;    9;   1.7;   6;    1.500;   0;   7.9;  15.4; 1010.60;   16.4;   83.00;   22.1;   12.9;   10.9;eor
        691;20250801;   10;   8.7;   3.2;    9;   8.1;   6;    4.200;   0;   7.0;  16.2; 1008.20;   16.0;   89.00;   20.6;   12.9;   11.8;eor
        691;20250802;   10;  12.3;   4.4;    9;   3.9;   6;    3.800;   0;   7.0;  16.3; 1010.00;   16.2;   89.00;   20.7;   12.3;   10.8;eor
        691;20250803;   10;  11.1;   4.9;    9;   4.0;   6;    2.100;   0;   7.6;  15.0; 1013.90;   16.7;   80.00;   22.4;   13.6;   13.3;eor
        691;20250804;   10;  14.6;   5.1;    9;   2.1;   6;    6.500;   0;   6.8;  17.2; 1013.00;   19.2;   79.00;   23.9;   15.2;   15.2;eor
        691;20250805;   10;  15.6;   6.1;    9;   1.5;   6;    7.800;   0;   5.3;  13.8; 1015.30;   16.2;   76.00;   21.8;   11.6;   10.4;eor
        691;20250806;   10;  13.0;   4.5;    9;   0.0;   6;    6.800;   0;   5.6;  13.1; 1021.30;   15.8;   75.00;   21.0;   10.8;    9.2;eor
        691;20250807;   10;  10.8;   3.1;    9;   0.0;   6;    7.500;   0;   7.5;  13.4; 1016.50;   18.7;   65.00;   25.3;   11.1;    9.3;eor
        691;20250808;   10;   9.4;   3.3;    9;   0.0;   0;    6.900;   0;   6.2;  15.9; 1016.60;   19.1;   73.00;   25.7;   12.3;    9.9;eor
        691;20250809;   10;   9.8;   3.3;    9;   0.0;   0;   10.900;   0;   4.7;  15.3; 1019.30;   19.4;   70.00;   27.2;   11.2;    9.1;eor
        691;20250810;   10;  10.6;   3.6;    9;   0.0;   0;   12.600;   0;   2.9;  13.8; 1025.80;   17.3;   73.00;   24.2;    9.8;    7.3;eor
        691;20250811;   10;   7.7;   1.9;    9;   0.0;   0;   13.200;   0;   2.8;  13.8; 1024.40;   18.0;   69.00;   26.2;    8.0;    5.1;eor
        691;20250812;   10;   8.2;   2.9;    9;   0.0;   0;    9.000;   0;   5.3;  14.6; 1017.80;   21.7;   60.00;   29.5;   13.5;   10.6;eor
        691;20250813;   10;   5.8;   2.1;    9;   0.0;   0;   13.600;   0;   1.6;  15.5; 1014.90;   24.4;   54.00;   34.7;   15.0;   11.8;eor
        691;20250814;   10;   5.7;   1.7;    9;   0.0;   6;    8.700;   0;   4.8;  20.5; 1017.00;   25.2;   66.00;   32.4;   18.1;   15.4;eor
        691;20250815;   10;  10.1;   4.5;    9;   0.0;   6;   11.900;   0;   3.8;  19.0; 1021.00;   22.5;   72.00;   28.4;   18.6;   17.4;eor
        691;20250816;   10;  12.2;   5.4;    9;   0.0;   6;    6.500;   0;   5.8;  13.8; 1022.90;   17.7;   68.00;   22.1;   11.8;   10.0;eor
        691;20250817;   10;   9.3;   3.4;    9;   1.0;   6;    6.500;   0;   4.9;  14.4; 1020.60;   17.1;   75.00;   23.3;   11.5;    9.4;eor
        691;20250818;   10;  11.7;   2.5;    9;   0.0;   0;   11.600;   0;   1.6;  13.3; 1020.50;   18.2;   67.00;   25.2;    9.1;    7.9;eor
        691;20250819;   10;   9.8;   3.0;    9;   0.0;   0;   13.800;   0;   0.6;  14.6; 1014.80;   18.6;   71.00;   26.2;   10.7;    8.4;eor
        691;20250820;   10;   9.8;   3.5;    9;   0.0;   0;    8.200;   0;   4.1;  13.4; 1011.90;   18.3;   66.00;   23.9;   13.2;   11.5;eor
        691;20250821;   10;  12.0;   4.4;    9;   0.0;   0;    9.600;   0;   4.5;  11.6; 1012.40;   16.3;   63.00;   21.5;   11.7;    8.8;eor
        691;20250822;   10;  12.5;   4.8;    9;   0.0;   6;    0.900;   0;   7.0;  11.0; 1015.90;   14.4;   68.00;   18.5;    9.2;    5.7;eor
        691;20250823;   10;  13.7;   5.1;    9;   2.5;   6;    7.600;   0;   4.7;  11.5; 1016.70;   14.2;   72.00;   18.7;    8.7;    5.7;eor
        691;20250824;   10;  11.1;   3.2;    9;   0.0;   6;    2.900;   0;   5.8;  11.3; 1019.40;   13.9;   73.00;   19.6;    7.9;    5.4;eor
        691;20250825;   10;  10.3;   2.9;    9;   0.0;   0;    8.700;   0;   5.2;  11.8; 1017.70;   14.8;   72.00;   21.0;    7.1;    4.2;eor
        691;20250826;   10;   7.9;   2.5;    9;   0.0;   0;    9.700;   0;   6.3;  12.1; 1011.00;   19.1;   58.00;   26.2;   10.8;    7.8;eor
        691;20250827;   10;  11.3;   3.2;    9;   0.3;   6;    6.900;   0;   7.2;  13.6; 1007.10;   20.5;   58.00;   26.6;   14.1;   12.2;eor
        691;20250828;   10;   8.7;   2.3;    9;   0.5;   6;    1.000;   0;   7.6;  17.1; 1003.40;   18.3;   82.00;   25.0;   13.4;   11.4;eor
        691;20250829;   10;   9.3;   3.3;    9;   0.0;   6;    6.600;   0;   6.4;  15.0; 1001.50;   18.0;   76.00;   24.3;   10.6;    9.1;eor
        691;20250830;   10;  13.2;   3.8;    9;   0.0;   6;    7.800;   0;   3.8;  14.3; 1005.70;   18.2;   70.00;   24.1;   13.5;   11.0;eor
        691;20250831;   10;   9.8;   3.2;    9;   0.3;   6;    2.400;   0;   7.2;  16.2; 1008.50;   18.7;   75.00;   23.8;   13.5;   11.2;eor
        691;20250901;   10;   7.2;   2.1;    9;   8.1;   6;    1.700;   0;   7.0;  17.4; 1006.80;   17.8;   85.00;   21.1;   14.3;   12.5;eor
        691;20250902;   10;   9.3;   3.2;    9;   0.0;   0;    9.800;   0;   3.7;  13.8; 1008.00;   17.3;   72.00;   22.8;   13.0;   10.1;eor
        691;20250903;   10;  18.2;   5.5;    9;   2.4;   6;    4.200;   0;   6.9;  14.9; 1006.10;   19.5;   66.00;   24.9;   13.7;   12.6;eor
        691;20250904;   10;  11.3;   3.9;    9;   1.6;   6;    6.500;   0;   5.8;  16.1; 1009.80;   19.5;   72.00;   23.7;   16.7;   15.1;eor
        691;20250905;   10;  10.8;   3.5;    9;   0.2;   6;    7.600;   0;   5.0;  14.5; 1017.30;   17.1;   75.00;   22.1;    9.9;    8.2;eor
        691;20250906;   10;   5.7;   1.8;    9;   0.0;   0;   10.400;   0;   3.0;  12.5; 1023.40;   16.0;   72.00;   22.9;    7.3;    6.6;eor
        691;20250907;   10;  12.0;   4.7;    9;   0.0;   0;   10.400;   0;   7.4;  12.4; 1019.00;   18.8;   59.00;   24.7;   13.4;   11.9;eor
        691;20250908;   10;  10.3;   4.1;    9;   0.0;   6;    6.500;   0;   5.5;  13.9; 1016.00;   18.5;   66.00;   24.1;   14.0;   12.5;eor
        691;20250909;   10;   7.5;   2.3;    9;   0.1;   6;    2.200;   0;   7.6;  15.6; 1014.10;   18.2;   76.00;   23.3;   13.8;   13.5;eor
        691;20250910;   10;   6.7;   2.5;    9;   0.0;   6;    3.700;   0;   5.9;  13.6; 1008.90;   15.3;   80.00;   20.1;   10.6;    9.4;eor
        691;20250911;   10;  13.2;   4.7;    9;   0.4;   6;    4.700;   0;   5.1;  13.2; 1004.20;   15.5;   76.00;   22.4;   11.3;    9.8;eor
        691;20250912;   10;  13.9;   5.1;    9;   0.3;   6;    7.100;   0;   3.1;  11.6; 1012.10;   13.7;   76.00;   20.4;    9.7;    7.6;eor
        691;20250913;   10;  14.4;   3.8;    9;   2.7;   6;    4.900;   0;   5.5;  11.9; 1013.30;   13.7;   77.00;   19.9;    9.4;    6.4;eor
        691;20250914;   10;   9.8;   3.6;    9;   6.4;   6;    6.100;   0;   6.7;  12.4; 1011.50;   14.5;   76.00;   20.3;   11.5;   10.6;eor
        691;20250915;   10;  20.2;   7.7;    9;   0.3;   6;    5.500;   0;   5.8;  13.5; 1003.80;   16.7;   72.00;   21.2;   12.3;   11.9;eor
        691;20250916;   10;  19.2;   8.6;    9;   0.7;   6;    1.900;   0;   7.0;  13.2; 1009.30;   14.5;   80.00;   18.7;   11.9;   10.7;eor
        691;20250917;   10;  13.7;   5.7;    9;   1.0;   6;    2.500;   0;   7.0;  13.4; 1016.80;   14.4;   82.00;   19.2;   11.0;    9.9;eor
        691;20250918;   10;  11.5;   5.7;    9;   0.5;   6;    0.000;   0;   7.6;  18.4; 1017.60;   17.2;   93.00;   19.0;   14.7;   14.4;eor
        691;20250919;   10;  10.1;   3.8;    9;   0.0;   0;    7.900;   0;   6.6;  17.2; 1020.50;   19.2;   78.00;   24.4;   14.8;   10.2;eor
        691;20250920;   10;  12.0;   3.0;    9;   0.1;   6;    5.300;   0;   6.2;  17.0; 1012.30;   19.8;   75.00;   28.2;   11.5;    9.0;eor
        691;20250921;   10;  16.3;   5.9;    9;   0.0;   6;    1.500;   0;   7.6;  13.8; 1011.40;   15.8;   76.00;   21.5;    8.1;    4.2;eor
        691;20250922;   10;  11.3;   2.8;    9;   0.3;   6;    5.700;   0;   5.3;   9.5; 1021.10;   10.3;   78.00;   16.8;    4.8;    2.7;eor
        691;20250923;   10;   9.8;   2.9;    9;   0.0;   0;    8.700;   0;   2.2;   9.2; 1024.80;   10.8;   74.00;   17.7;    3.9;    1.8;eor
        691;20250924;   10;  13.2;   5.1;    9;   0.0;   0;   11.400;   0;   0.1;   8.5; 1027.30;   11.2;   66.00;   17.6;    4.8;    1.0;eor
        691;20250925;   10;  15.1;   6.4;    9;   0.0;   6;    9.500;   0;   5.0;   8.3; 1026.00;   12.5;   59.00;   17.1;    8.2;    6.9;eor
        691;20250926;   10;  10.1;   4.6;    9;   1.0;   6;    6.100;   0;   7.3;   9.2; 1024.60;   12.8;   63.00;   17.1;   10.4;    9.7;eor
        691;20250927;   10;   7.2;   2.8;    9;   0.0;   0;    1.200;   0;   7.7;  11.5; 1022.60;   13.6;   74.00;   18.0;   10.7;   10.4;eor
        691;20250928;   10;   6.5;   1.9;    9;   0.0;   0;    6.300;   0;   6.7;  12.3; 1022.70;   14.5;   75.00;   20.2;    8.0;    4.5;eor
        691;20250929;   10;   7.2;   2.4;    9;   1.4;   6;    3.200;   0;   7.2;  11.5; 1022.10;   13.5;   75.00;   19.2;    9.2;    7.8;eor
        691;20250930;   10;   7.9;   2.8;    9;   0.0;   0;    8.200;   0;   3.4;   9.6; 1025.40;   12.5;   67.00;   17.8;    5.7;    2.4;eor
        691;20251001;   10;   8.7;   3.1;    9;   0.0;   0;   10.400;   0;   0.6;   8.3; 1030.90;    9.1;   73.00;   15.2;    3.5;   -0.2;eor
        691;20251002;   10;   7.2;   3.1;    9;   0.0;   0;   10.900;   0;   1.0;   8.4; 1028.60;    9.6;   72.00;   16.4;    3.4;   -0.1;eor
        691;20251003;   10;  12.3;   5.0;    9;  16.3;   6;    3.200;   0;   7.3;   8.1; 1018.70;   10.6;   65.00;   15.5;    4.8;    2.8;eor
        691;20251004;   10;  19.2;   7.8;    9;  10.1;   6;    2.100;   0;   6.5;  11.4;  995.70;   11.0;   86.00;   14.2;    9.2;    8.3;eor
        691;20251005;   10;  14.1;   8.3;    9;   2.6;   6;    1.300;   0;   7.6;  11.2; 1004.20;   11.4;   83.00;   15.3;   10.0;    8.9;eor
        691;20251006;   10;  13.2;   5.4;    9;   1.1;   6;    0.700;   0;   7.4;  13.2; 1017.80;   12.5;   91.00;   15.4;    9.6;    8.1;eor
        691;20251007;   10;   8.2;   3.2;    9;   0.3;   6;    0.100;   0;   7.6;  15.5; 1022.20;   15.0;   91.00;   17.9;   12.9;   12.7;eor
        691;20251008;   10;  12.2;   2.7;    9;   1.1;   6;    1.100;   0;   7.4;  14.4; 1020.40;   13.8;   91.00;   18.0;    9.6;    7.9;eor
        691;20251009;   10;  10.3;   3.9;    9;   0.0;   6;    1.200;   0;   7.4;  12.7; 1023.10;   12.8;   86.00;   15.1;    8.8;    6.8;eor
        691;20251010;   10;   9.3;   4.4;    9;   0.0;   6;    2.800;   0;   6.0;  13.6; 1028.90;   13.7;   87.00;   17.0;    9.4;    6.9;eor
        691;20251011;   10;   8.7;   3.9;    9;   0.0;   6;    0.000;   0;   7.8;  13.5; 1031.30;   14.1;   84.00;   16.5;   12.7;   12.2;eor
        691;20251012;   10;   8.4;   3.6;    9;   1.3;   6;    0.000;   0;   7.8;  13.7; 1028.10;   13.4;   88.00;   15.2;   11.9;   11.2;eor
        691;20251013;   10;   5.7;   2.1;    9;   0.3;   6;    2.000;   0;   6.8;  12.8; 1026.90;   12.6;   88.00;   16.4;    6.2;    4.5;eor
        691;20251014;   10;  11.1;   2.8;    9;   1.1;   6;    0.500;   0;   7.3;  13.2; 1024.70;   12.2;   93.00;   15.7;    6.4;    4.5;eor
        691;20251015;   10;   7.2;   2.4;    9;   1.6;   6;    0.000;   0;   7.5;  12.9; 1025.10;   11.9;   93.00;   14.2;    8.2;    5.9;eor
        691;20251016;   10;  12.3;   3.7;    9;   4.0;   6;    1.300;   0;   7.2;  12.8; 1022.20;   12.0;   91.00;   16.1;    9.5;    8.7;eor
        691;20251017;   10;  10.6;   3.2;    9;   1.5;   6;    1.500;   0;   6.9;  11.5; 1022.10;   10.4;   91.00;   14.8;    7.1;    3.4;eor
        691;20251018;   10;   9.1;   1.9;    9;   0.0;   0;    9.500;   0;   2.8;   7.2; 1027.10;    5.8;   79.00;   11.2;    0.0;   -1.5;eor
        691;20251019;   10;  11.8;   4.8;    9;   0.0;   6;    6.700;   0;   6.9;   7.3; 1015.50;    6.9;   73.00;   11.4;    3.4;    2.4;eor
        691;20251020;   10;   8.7;   4.3;    9;   0.4;   6;    0.000;   0;   7.9;  11.0; 1000.00;   10.1;   87.00;   13.6;    5.3;    4.4;eor
        691;20251021;   10;  13.7;   5.3;    9;   4.9;   6;    0.100;   0;   7.6;  13.2;  993.10;   13.0;   88.00;   14.9;   11.6;   10.0;eor
        691;20251022;   10;   9.8;   3.3;    9;   0.8;   6;    1.900;   0;   7.6;  12.1;  996.60;   12.0;   86.00;   15.7;    6.5;    4.1;eor
        691;20251023;   10;  15.8;   6.0;    9;   2.3;   6;    2.800;   0;   7.1;  11.8;  982.60;   12.3;   83.00;   17.0;    8.5;    7.0;eor
        691;20251024;   10;  18.2;   9.7;    9;   0.3;   6;    1.100;   0;   6.7;   9.4;  992.20;   10.0;   77.00;   12.0;    8.4;    6.9;eor
        691;20251025;   10;  14.4;   7.5;    9;   4.0;   6;    0.300;   0;   6.3;   9.7;  993.20;    9.0;   83.00;   11.8;    6.5;    5.2;eor
        691;20251026;   10;  21.3;   9.8;    9;   5.9;   6;    1.700;   0;   6.2;   8.9;  994.60;    7.8;   84.00;   11.3;    4.3;    4.0;eor
        691;20251027;   10;  13.9;   7.3;    9;   1.2;   6;    2.500;   0;   6.1;   9.4;  994.10;    8.2;   87.00;   11.1;    6.2;    5.8;eor
        691;20251028;   10;  18.5;   7.1;    9;   5.4;   6;    3.000;   0;   5.4;   9.9; 1001.20;    9.4;   83.00;   13.9;    5.9;    4.6;eor
        691;20251029;   10;   9.8;   4.7;    9;   4.5;   6;    0.400;   0;   6.5;  10.6; 1002.30;   10.6;   83.00;   13.7;    7.9;    6.4;eor
        691;20251030;   10;  15.8;   6.1;    9;   0.2;   6;    5.900;   0;   6.3;  10.1; 1003.80;    9.9;   83.00;   13.4;    4.8;    2.2;eor
        691;20251031;   10;   7.2;   2.8;    9;   0.0;   0;    0.900;   0;   7.0;   9.2; 1011.80;    8.0;   85.00;   12.1;    3.4;    0.6;eor
        691;20251101;   10;  14.4;   3.5;    9;   3.0;   6;    0.000;   0;   5.8;  11.6; 1007.70;   10.5;   91.00;   14.2;    7.7;    5.4;eor
        691;20251102;   10;   8.2;   3.1;    9;   0.2;   6;    1.800;   0;   5.5;  10.8; 1009.00;    9.9;   89.00;   13.4;    7.2;    4.9;eor
        691;20251103;   10;  12.3;   5.0;    9;   0.4;   6;    3.000;   0;   6.8;  10.3; 1014.90;    9.7;   85.00;   12.2;    6.0;    4.5;eor
        691;20251104;   10;   9.1;   4.2;    9;   0.0;   0;    0.800;   0;   7.8;  11.7; 1017.50;   12.6;   80.00;   15.6;    9.6;    7.0;eor
        691;20251105;   10;   7.2;   2.7;    9;   0.0;   0;    5.000;   0;   6.9;  10.0; 1015.50;   11.8;   73.00;   16.8;    7.4;    4.2;eor
        691;20251106;   10;   7.7;   2.4;    9;   0.0;   0;    8.000;   0;   5.6;   8.7; 1010.80;    8.6;   78.00;   14.5;    3.8;   -0.3;eor
        691;20251107;   10;   3.1;   1.5;    9;   0.1;   6;    0.000;   0;   6.2;  10.0; 1010.20;    6.8;   99.00;   10.6;    0.9;   -1.9;eor
        691;20251108;   10;   4.1;   1.8;    9;   1.3;   6;    0.000;   0;   7.7;  10.4; 1012.90;    8.2;   95.00;    9.4;    7.5;    7.6;eor
        691;20251109;   10;   5.7;   2.0;    9;   0.4;   6;    0.000;   0;   7.0;  11.1; 1015.00;    8.9;   97.00;   12.0;    4.0;    0.9;eor
        691;20251110;   10;   6.2;   2.2;    9;   0.4;   6;    0.000;   0;   6.5;   8.9; 1013.30;    5.9;   96.00;    9.7;    1.7;    0.2;eor
        691;20251111;   10;  10.8;   3.5;    9;   0.0;   6;    2.400;   0;   7.7;  10.1; 1011.50;    8.6;   90.00;   12.5;    5.4;    3.0;eor
        691;20251112;   10;   8.7;   3.2;    9;   0.0;   0;    2.700;   0;   7.5;   9.9; 1010.20;    9.6;   83.00;   14.2;    6.5;    3.5;eor
        691;20251113;   10;  12.3;   4.0;    9;  13.1;   6;    3.000;   0;   7.3;  11.5; 1008.00;   12.0;   81.00;   16.8;    7.4;    3.6;eor
        691;20251114;   10;  11.3;   4.4;    9;  20.6;   6;    0.000;   0;   7.3;  11.1; 1009.10;    9.0;   96.00;   11.4;    6.0;    5.8;eor
        691;20251115;   10;  13.5;   6.4;    9;   6.5;   6;    0.000;   0;   7.5;   8.6; 1012.00;    5.8;   93.00;    6.4;    5.4;    5.3;eor
        691;20251116;   10;   7.2;   3.2;    9;   2.5;   6;    0.000;   0;   7.3;   8.0; 1007.30;    4.6;   94.00;    6.4;    0.6;   -1.2;eor
        691;20251117;   10;  11.1;   3.8;    9;   2.8;   6;    4.700;   0;   4.1;   6.8; 1010.10;    3.2;   88.00;    7.0;   -0.6;   -3.2;eor
        691;20251118;   10;  11.3;   5.7;    9;   0.0;   6;    2.400;   0;   7.1;   7.0; 1012.80;    4.0;   86.00;    6.8;    1.0;   -1.4;eor
        691;20251119;   10;   9.8;   3.9;    9;   9.2;   6;    0.000;   0;   7.6;   7.2; 1002.30;    3.8;   89.00;    4.8;    1.9;    1.8;eor
        691;20251120;   10;   9.3;   3.4;    9;   0.0;   0;    5.900;   0;   2.7;   5.7; 1007.30;    0.7;   88.00;    4.2;   -6.3;   -8.1;eor
        691;20251121;   10;   5.8;   1.7;    9;   0.0;   0;    7.400;   0;   0.6;   4.5; 1022.10;   -2.6;   89.00;    3.4;   -7.7;   -9.3;eor
        691;20251122;   10;   8.1;   3.6;    9;   0.0;   0;    6.100;   0;   2.5;   4.7; 1023.00;    0.0;   77.00;    4.4;   -3.3;   -6.2;eor
        691;20251123;   10;  13.4;   5.0;    9;   1.0;   8;    1.700;   0;   6.8;   4.1; 1007.70;   -0.5;   70.00;    2.6;   -3.6;   -5.1;eor
        691;20251124;   10;   7.4;   3.2;    9;   0.0;   6;    0.200;   0;   7.2;   7.2;  994.60;    3.5;   91.00;    6.6;    0.2;   -2.7;eor
        691;20251125;   10;   6.3;   1.7;    9;   0.0;   6;    0.000;   0;   6.9;   7.2; 1004.70;    2.8;   96.00;    5.1;   -0.3;   -2.6;eor
        691;20251126;   10;   4.6;   1.9;    9;   0.0;   0;    2.300;   0;   6.6;   7.0; 1018.50;    3.2;   91.00;    6.6;   -0.6;   -3.8;eor
        691;20251127;   10;  11.1;   5.0;    9;   2.0;   6;    0.000;   0;   7.4;   7.3; 1016.70;    3.5;   91.00;    7.0;   -0.8;   -2.6;eor
        691;20251128;   10;   9.6;   4.9;    9;   0.4;   6;    0.000;   0;   7.3;   9.9; 1012.50;    7.8;   93.00;    8.9;    7.0;    6.5;eor
        691;20251129;   10;   9.1;   4.1;    9;   0.0;   6;    0.000;   0;   8.0;   9.7; 1008.30;    8.3;   88.00;    9.8;    7.2;    6.1;eor
        691;20251130;   10;   9.9;   5.1;    9;   0.0;   0;    1.500;   0;   5.7;   8.2; 1008.20;    7.0;   80.00;    9.8;    2.4;    0.1;eor
        691;20251201;   10;  11.1;   5.1;    9;   0.2;   6;    4.000;   0;   5.3;   6.7; 1013.20;    4.8;   79.00;    7.2;    1.7;   -1.4;eor
        691;20251202;   10;  10.3;   4.0;    9;   1.7;   6;    0.000;   0;   7.8;   7.3; 1009.70;    5.1;   82.00;    6.1;    4.1;    2.8;eor
        691;20251203;   10;   4.1;   1.6;    9;   2.0;   6;    0.100;   0;   8.0;   8.6; 1011.50;    6.5;   89.00;    8.7;    4.9;    4.3;eor
        691;20251204;   10;   6.7;   2.5;    9;   1.5;   6;    0.100;   0;   6.4;   8.1; 1008.20;    4.8;   93.00;    6.6;    0.4;   -1.4;eor
        691;20251205;   10;   4.6;   1.9;    9;   0.0;   6;    0.500;   0;   7.2;   6.3; 1010.10;    1.2;   94.00;    4.1;   -2.0;   -3.5;eor
        691;20251206;   10;   9.1;   4.5;    9;  10.5;   6;    0.000;   0;   7.8;   8.1; 1004.30;    5.2;   91.00;    8.4;    2.9;    1.9;eor
        691;20251207;   10;   8.9;   4.3;    9;   7.6;   6;    0.200;   0;   7.6;  10.7; 1004.80;    9.4;   91.00;   10.8;    8.3;    7.6;eor
        691;20251208;   10;  15.3;   5.5;    9;   0.0;   6;    0.700;   0;   7.2;  11.9; 1008.60;   11.7;   87.00;   12.9;    9.4;    7.5;eor
        691;20251209;   10;   8.1;   3.6;    9;   3.1;   6;    0.000;   0;   7.8;  12.7; 1011.00;   12.0;   90.00;   12.8;   10.5;    8.7;eor
        691;20251210;   10;  10.1;   5.1;    9;   0.1;   6;    0.000;   0;   7.4;  11.4; 1014.50;   11.8;   82.00;   12.9;    9.4;    7.8;eor
        691;20251211;   10;  10.3;   4.2;    9;   0.0;   0;    3.000;   0;   5.1;   9.2; 1020.70;    7.2;   90.00;   10.2;    1.4;   -1.8;eor
        691;20251212;   10;   4.1;   1.6;    9;   0.0;   6;    3.300;   0;   5.6;   8.0; 1021.70;    4.2;   95.00;    8.0;   -1.2;   -3.3;eor
        691;20251213;   10;   9.3;   3.3;    9;   0.0;   6;    1.800;   0;   6.6;   9.2; 1025.00;    6.8;   92.00;   10.0;    1.4;   -1.4;eor
        691;20251214;   10;  11.3;   4.3;    9;   0.0;   0;    2.400;   0;   7.3;   8.4; 1022.40;    6.4;   87.00;    8.4;    4.7;    3.3;eor
        691;20251215;   10;   8.6;   3.1;    9;   0.0;   0;    6.300;   0;   2.5;   7.7; 1014.40;    5.3;   86.00;    9.2;    1.6;   -0.7;eor
        691;20251216;   10;   5.1;   2.3;    9;   0.0;   0;    6.100;   0;   5.7;   7.4; 1013.40;    5.6;   82.00;    9.2;    1.9;   -0.5;eor
        691;20251217;   10;   6.7;   2.5;    9;   0.0;   6;    2.500;   0;   6.8;   8.5; 1015.60;    6.7;   86.00;    8.8;    1.8;   -0.4;eor
        691;20251218;   10;  10.8;   4.4;    9;   0.0;   6;    0.900;   0;   7.6;   9.0; 1015.00;    7.9;   84.00;   11.5;    3.8;    1.4;eor
        691;20251219;   10;  10.6;   4.6;    9;   0.0;   6;    0.000;   0;   7.8;  10.1; 1014.90;    9.8;   83.00;   12.4;    3.3;    0.2;eor
        691;20251220;   10;   6.2;   2.2;    9;   0.0;   6;    0.000;   0;   7.7;   7.8; 1017.90;    3.5;   99.00;    6.0;   -0.1;   -2.6;eor
        691;20251221;   10;   9.6;   4.1;    9;   0.0;   0;    0.000;   0;   7.6;   9.1; 1015.10;    7.0;   91.00;    8.0;    5.9;    4.6;eor
        691;20251222;   10;  10.8;   5.8;    9;   0.0;   0;    0.000;   0;   7.9;   7.7; 1015.90;    4.8;   88.00;    6.6;    2.6;    2.5;eor
        691;20251223;   10;  13.4;   6.2;    9;   0.0;   6;    0.000;   0;   5.4;   5.9; 1024.00;    1.6;   86.00;    2.7;   -0.7;   -2.9;eor
        691;20251224;   10;  11.5;   5.3;    9;   0.0;   0;    5.500;   0;   1.5;   4.7; 1035.00;   -0.2;   78.00;    2.0;   -4.6;   -5.9;eor
        691;20251225;   10;   8.4;   4.6;    9;   0.0;   0;    6.600;   0;   0.2;   2.9; 1035.80;   -5.0;   70.00;   -2.1;   -7.4;  -10.2;eor
        691;20251226;   10;   4.6;   2.3;    9;   0.0;   6;    6.600;   0;   2.7;   3.2; 1034.60;   -4.4;   73.00;    0.4;   -8.3;  -10.2;eor
        691;20251227;   10;   8.1;   2.4;    9;   0.0;   6;    0.000;   0;   5.9;   6.6; 1032.20;    1.4;   96.00;    6.6;   -4.0;   -5.9;eor
        691;20251228;   10;   4.6;   1.6;    9;   0.0;   6;    0.000;   0;   7.7;   4.9; 1030.90;   -2.9;   99.00;   -0.5;   -5.8;   -6.2;eor
        691;20251229;   10;  10.8;   4.0;    9;   0.6;   6;    0.100;   0;   7.3;   7.1; 1022.10;    3.3;   91.00;    6.4;   -0.5;   -0.5;eor
        691;20251230;   10;   9.8;   2.7;    9;   0.0;   0;    6.700;   0;   1.5;   4.5; 1026.10;   -1.0;   80.00;    3.6;   -5.6;   -8.2;eor
        691;20251231;   10;  14.4;   6.6;    9;   3.1;   6;    0.000;   0;   7.3;   7.3; 1017.40;    3.4;   92.00;    6.1;   -2.5;   -4.5;eor
        691;20260101;   10;  18.3;  10.1;    3;   2.6;   8;    0.000;   0;   7.2;   6.6;  997.00;    3.0;   87.00;    4.0;    1.7;    0.8;eor
        691;20260102;   10;  17.5;   9.1;    3;   2.6;   8;    0.500;   0;   6.3;   6.0;  990.30;    1.1;   90.00;    3.7;   -2.5;   -7.1;eor
        691;20260103;   10;  15.4;   5.6;    3;   5.5;   8;    0.200;   3;   6.8;   5.5;  996.70;   -0.4;   93.00;    0.8;   -3.8;   -5.5;eor
        691;20260104;   10;  12.9;   4.6;    3;   0.0;   8;    0.100;   9;   7.1;   5.3; 1003.90;   -0.3;   89.00;    1.2;   -3.8;   -7.3;eor
        691;20260105;   10;  10.5;   3.8;    3;   0.1;   8;    1.400;   6;   7.2;   4.9; 1008.90;   -0.7;   85.00;    0.8;   -3.1;   -6.8;eor
        691;20260106;   10;   9.1;   3.9;    3;   0.0;   7;    4.000;   5;   7.2;   5.0; 1012.70;   -0.6;   86.00;    0.4;   -1.3;   -3.5;eor
        691;20260107;   10;  13.2;   6.1;    3;   0.4;   8;    0.300;   4;   6.9;   4.4; 1007.40;   -1.3;   79.00;    0.2;   -4.0;   -6.8;eor
        691;20260108;   10;  11.3;   4.0;    3;   1.5;   8;    0.000;   4;   7.8;   5.7; 1003.60;    0.9;   88.00;    2.1;   -1.0;   -1.2;eor
        691;20260109;   10;  16.5;   9.0;    3;   3.5;   8;    0.000;   7;   7.0;   4.6;  994.10;   -2.2;   87.00;    0.6;   -4.5;   -2.8;eor
        691;20260110;   10;  15.9;   5.8;    3;   0.0;   6;    0.200;  12;   7.4;   3.6; 1012.30;   -2.8;   73.00;   -1.1;   -9.0;   -9.4;eor
        691;20260111;   10;   5.3;   1.7;    3;   0.1;   8;    4.100;  11;   7.1;   2.8; 1023.70;   -9.4;   93.00;   -6.5;  -13.5;  -10.9;eor
        691;20260112;   10;   9.4;   3.6;    3;   1.0;   6;    0.000;  11;   7.3;   5.8; 1009.80;   -0.5;   96.00;    3.0;   -6.6;   -4.1;eor
        691;20260113;   10;   6.2;   2.8;    3;   7.4;   6;    0.000;   8;   7.6;   8.1; 1008.40;    4.2;   98.00;    6.3;    2.2;    0.0;eor
        691;20260114;   10;   8.1;   3.2;    3;   1.4;   6;    3.900;   0;   6.0;   7.8; 1010.90;    4.4;   93.00;    6.8;    0.2;   -2.9;eor
        691;20260115;   10;   8.2;   3.6;    3;   0.6;   6;    1.200;   0;   7.7;   8.9; 1010.00;    6.5;   91.00;   10.3;    1.4;    0.5;eor
        691;20260116;   10;  10.3;   4.0;    3;   0.0;   6;    2.500;   0;   7.9;   9.2; 1012.20;    9.0;   80.00;   12.0;    6.7;    5.5;eor
        691;20260117;   10;   7.5;   3.2;    3;   0.0;   0;    4.700;   0;   7.7;   7.1; 1020.50;    4.3;   86.00;    8.1;    1.0;   -0.7;eor
        691;20260118;   10;   9.9;   4.2;    3;   0.0;   0;    0.000;   0;   6.3;   6.3; 1022.40;    2.1;   88.00;    3.6;   -1.7;   -4.2;eor
        691;20260119;   10;   7.2;   2.7;    3;   0.0;   0;    7.500;   0;   0.0;   5.0; 1020.10;    0.3;   81.00;    3.3;   -2.4;   -4.9;eor
        691;20260120;   10;   6.5;   2.2;    3;   0.0;   0;    7.600;   0;   1.8;   4.7; 1018.00;   -0.2;   79.00;    4.4;   -4.6;   -5.6;eor
        691;20260121;   10;   7.7;   3.2;    3;   0.0;   0;    5.500;   0;   6.5;   4.6; 1006.50;   -0.7;   79.00;    3.4;   -4.2;   -5.8;eor
        691;20260122;   10;  11.3;   5.1;    3;   0.0;   0;    7.500;   0;   1.3;   3.9; 1001.10;   -2.6;   77.00;    0.4;   -4.6;   -5.5;eor
        691;20260123;   10;  14.9;   6.0;    3;   0.0;   0;    0.300;   0;   7.4;   3.7; 1000.90;   -2.7;   75.00;   -1.1;   -3.7;   -4.9;eor
        691;20260124;   10;  12.2;   5.4;    3;   1.6;   8;    0.000;   0;   7.5;   4.1; 1005.30;   -2.6;   81.00;   -1.3;   -3.6;   -3.8;eor
        691;20260125;   10;   9.8;   4.9;    3;   1.5;   8;    0.000;   1;   7.9;   4.8; 1002.20;   -1.2;   86.00;   -0.4;   -1.9;   -2.0;eor
        691;20260126;   10;   8.2;   3.9;    3;   4.4;   8;    0.000;   2;   6.9;   5.7;  999.20;   -0.1;   94.00;    0.9;   -1.5;   -1.6;eor
        691;20260127;   10;  13.9;   4.4;    3;   0.0;   0;    0.000;   4;   7.3;   5.5; 1000.20;    0.0;   89.00;    0.9;   -1.1;   -1.7;eor
        691;20260128;   10;  12.3;   6.2;    3;   0.0;   0;    0.000;   3;   7.9;   5.1;  998.90;   -0.3;   85.00;    0.4;   -1.0;   -1.2;eor
        691;20260129;   10;  10.6;   5.0;    3;   0.6;   8;    0.000;   2;   7.6;   5.0; 1002.20;   -0.2;   84.00;    0.4;   -1.6;   -1.9;eor
        691;20260130;   10;  14.6;   5.6;    3;   0.0;   7;    0.000;   5;   7.3;   4.7; 1001.90;   -1.5;   87.00;   -0.5;   -2.5;   -2.9;eor
        691;20260131;   10;  13.7;   6.4;    3;   0.0;   8;    0.000;   4;   7.6;   5.0; 1006.20;   -0.6;   85.00;    0.2;   -2.5;   -2.8;eor
        691;20260201;    3;  11.7;   6.1;    3;   0.3;   8;    0.000;   4;   7.9;   3.8; 1010.33;   -3.3;   78.42;   -2.4;   -4.7;   -4.9;eor
        691;20260202;    3;  11.5;   6.1;    3;   0.4;   7;    0.083;   4;   7.5;   3.2; 1008.37;   -5.2;   77.63;   -3.9;   -7.1;   -6.4;eor
        691;20260203;    3;  14.6;   7.1;    3;   1.1;   7;    0.567;   5;   7.7;   3.0; 1005.95;   -5.1;   72.71;   -3.6;   -7.5;   -7.3;eor
        691;20260204;    3;  12.9;   6.0;    3;   0.7;   8;    0.000;   6;   7.6;   3.9; 1003.10;   -4.0;   86.00;   -3.0;   -4.8;   -4.8;eor
        691;20260205;    3;  10.8;   5.4;    3;   0.2;   7;    0.000;   6;  -999;   4.4;  996.02;   -3.3;   90.42;   -1.8;   -4.0;   -3.4;eor
        691;20260206;    3;   7.4;   3.7;    3;   0.0;   6;    0.000;   6;  -999;   5.9;  994.15;    0.0;   95.46;    1.3;   -1.8;   -1.1;eor
        691;20260207;    3;   6.0;   2.6;    3;   0.4;   6;    0.000;   4;   7.5;   6.7; 1003.74;    1.6;   98.00;    2.2;    1.1;   -0.1;eor
        691;20260208;    3;   7.2;   3.9;    3;   0.0;   0;    0.000;   1;  -999;   6.2; 1011.02;    1.2;   93.04;    2.1;    0.7;    0.5;eor
        691;20260209;    3;   9.3;   4.1;    3;   0.0;   0;    0.000;   0;   7.6;   6.1; 1008.40;    1.1;   92.33;    1.9;    0.4;    0.3;eor
        691;20260210;    3;   8.9;   3.8;    3;   1.6;   6;    1.800;   0;   7.4;   6.6;  995.68;    2.4;   91.04;    4.7;    0.4;   -0.4;eor
        691;20260211;    3;   5.1;   2.6;    3;   3.0;   6;    0.000;   0;   7.5;   8.0;  983.52;    4.3;   96.83;    5.2;    3.6;    2.6;eor
        691;20260212;    3;   7.2;   3.0;    3;  11.1;   8;    0.000;   0;   7.3;   7.6;  979.73;    3.4;   97.33;    4.1;    1.2;    1.1;eor
        691;20260213;    3;   9.3;   4.2;    3;   3.9;   8;    0.000;   0;   6.4;   5.7;  993.54;   -0.2;   94.08;    1.2;   -1.7;   -2.4;eor
        691;20260214;    3;   9.4;   3.5;    3;   0.0;   8;    0.017;   2;   5.3;   4.5; 1011.04;   -2.6;   88.33;   -0.5;   -9.2;  -11.4;eor
        691;20260215;    3;  12.0;   3.8;    3;   0.9;   7;    8.333;   2;   3.9;   3.9; 1012.77;   -3.4;   81.67;    1.4;   -9.5;  -11.6;eor
        691;20260216;    3;  11.1;   4.3;    3;   3.6;   8;    0.000;   5;   7.0;   5.1;  994.38;   -1.4;   91.67;   -0.2;   -2.7;   -2.8;eor
        691;20260217;    3;   7.7;   2.5;    3;   5.1;   8;    0.833;   6;   7.5;   6.6; 1002.44;    1.8;   94.54;    4.7;   -0.2;   -1.3;eor
        691;20260218;    3;  10.8;   4.2;    3;   0.0;   0;    0.417;   2;   7.5;   4.6; 1013.04;   -1.3;   81.75;    1.4;   -3.7;   -4.5;eor
        691;20260219;    3;  14.2;   6.1;    3;   0.0;   0;    5.017;   2;   7.9;   3.8; 1011.02;   -1.8;   72.42;    1.9;   -4.3;   -4.9;eor
        691;20260220;    3;  10.3;   5.4;    3;   4.4;   6;    2.050;   2;   7.6;   5.0; 1017.84;    0.4;   77.29;    4.5;   -3.6;   -4.0;eor
        691;20260221;    3;  12.3;   5.8;    3;   3.4;   6;    0.000;   0;   7.5;   9.4; 1013.69;    7.5;   90.33;    9.4;    4.4;    3.5;eor
        691;20260222;    3;  12.3;   5.7;    3;  10.3;   6;    0.000;   0;   7.3;  11.4; 1011.48;    9.7;   94.42;   11.2;    7.3;    5.8;eor
        691;20260223;    3;  15.4;   6.4;    3;   4.9;   6;    0.617;   0;   7.4;   9.8; 1009.73;    8.2;   89.83;    9.9;    5.3;    3.7;eor
        691;20260224;    3;   5.7;   2.2;    3;   0.0;   0;    2.533;   0;   5.9;   9.0; 1017.79;    6.5;   93.29;   11.6;    1.6;   -1.2;eor
        691;20260225;    3;   7.4;   2.9;    3;   0.0;   0;    6.183;   0;   4.4;  10.5; 1019.97;   10.1;   84.63;   15.2;    6.5;    4.3;eor
        691;20260226;    3;   8.7;   3.4;    3;   0.0;   0;    6.117;   0;   4.9;  10.6; 1017.38;   10.9;   81.50;   16.5;    6.4;    2.0;eor
        691;20260227;    3;  10.3;   3.6;    3;   1.1;   6;    8.100;   0;   5.5;  10.9; 1014.15;   12.4;   76.79;   18.4;    7.7;    4.6;eor
        691;20260228;    3;  18.5;   6.3;    3;   0.5;   6;    1.833;   0;   7.7;  10.1; 1014.82;   11.1;   76.29;   13.8;    6.3;    5.9;eor
        691;20260301;    3;  13.9;   4.5;    3;   0.0;   6;    6.433;   0;   5.5;   7.4; 1021.30;    7.8;   71.08;   12.6;    2.7;   -0.6;eor
        691;20260302;    3;   9.3;   3.4;    3;   0.0;   0;   10.250;   0;   6.9;   7.9; 1021.46;   10.4;   63.75;   16.0;    4.2;    1.1;eor
        691;20260303;    3;   7.7;   2.5;    3;   0.0;   0;   10.217;   0;   3.7;   8.3; 1025.22;    8.6;   74.58;   16.8;    2.2;   -1.0;eor
        691;20260304;    3;   8.1;   2.8;    3;   0.0;   0;   10.383;   0;   0.5;   7.0; 1027.95;    6.8;   72.00;   12.7;    0.7;   -1.8;eor
        691;20260305;    3;   7.4;   3.4;    3;   0.0;   0;   10.383;   0;   0.0;   8.2; 1022.67;    9.3;   69.67;   16.4;    3.0;    0.3;eor
        691;20260306;    3;   5.1;   1.9;    3;   0.0;   0;   10.300;   0;   1.3;   8.2; 1021.71;    9.5;   69.83;   17.9;    3.5;    0.6;eor
        691;20260307;    3;   5.7;   1.6;    3;   0.0;   0;    6.867;   0;   6.2;   8.9; 1024.57;    8.7;   79.67;   17.0;    0.8;   -0.5;eor
        691;20260308;    3;   8.1;   3.1;    3;   0.0;   0;    6.350;   0;   4.3;   8.7; 1024.57;   10.7;   69.92;   17.0;    5.9;    4.1;eor
        691;20260309;    3;   4.6;   1.6;    3;   0.0;   0;   10.250;   0;   0.0;   8.1; 1019.45;    9.4;   70.08;   17.5;    3.6;    1.0;eor
        691;20260310;    3;  13.2;   2.4;    3;   2.2;   6;    7.417;   0;   2.9;   9.6; 1015.25;    9.7;   80.88;   18.0;    1.6;   -0.8;eor
        691;20260311;    3;  13.0;   4.8;    3;   3.6;   6;    0.400;   0;   6.2;  10.2; 1010.98;    9.2;   88.13;   11.9;    4.0;    2.3;eor
        691;20260312;    3;  15.8;   5.5;    3;   0.0;   0;    9.017;   0;   4.0;   7.7; 1015.99;    7.7;   75.17;   12.3;    2.9;    0.4;eor
        691;20260313;    3;  14.6;   5.6;    3;   7.6;   6;    0.317;   0;   6.5;   8.5; 1003.38;    7.8;   80.46;   11.9;    4.5;    4.1;eor
        691;20260314;    3;   5.7;   2.1;    3;   2.6;   6;    0.000;   0;   7.1;   7.7; 1001.80;    4.2;   93.63;    5.9;    3.2;    2.9;eor
        691;20260315;    3;   8.7;   2.9;    3;   2.4;   6;    2.783;   0;   6.8;   7.4; 1012.51;    4.6;   87.83;    8.9;    1.9;    0.7;eor
        691;20260316;    3;  15.1;   5.0;    3;   1.3;   6;    4.017;   0;   5.3;   7.4; 1011.35;    5.6;   81.42;    9.4;    0.6;   -1.9;eor
        691;20260317;    3;   6.9;   3.2;    3;   0.0;   6;    0.367;   0;   7.0;   8.1; 1020.77;    6.9;   80.67;   11.3;    0.3;   -2.8;eor
        691;20260318;    3;   8.2;   3.5;    3;   0.0;   0;   11.367;   0;   2.7;   6.9; 1027.35;    8.7;   63.17;   13.7;    3.8;   -0.4;eor
        691;20260319;    3;   7.9;   2.1;    3;   0.0;   6;   10.783;   0;   5.6;   7.4; 1025.99;    8.5;   68.83;   15.7;    0.9;   -2.6;eor
        691;20260320;    3;   6.7;   3.0;    3;   0.0;   0;   11.383;   0;   5.9;   7.8; 1021.74;    7.3;   77.00;   11.7;    2.2;    1.1;eor
        691;20260321;    3;   7.5;   2.8;    3;   0.0;   0;    1.900;   0;   5.7;   7.8; 1019.88;    6.1;   84.50;   10.6;    2.8;    1.6;eor
        691;20260322;    3;   8.4;   3.2;    3;   0.0;   0;   11.633;   0;   0.0;   7.0; 1018.03;    7.6;   69.75;   14.8;    0.3;   -2.1;eor
        691;20260323;    3;   5.7;   1.5;    3;   0.0;   0;    8.383;   0;   4.5;   7.3; 1017.88;    7.7;   71.83;   15.8;   -0.6;   -2.9;eor
        691;20260324;    3;  15.3;   5.2;    3;   0.9;   6;    0.000;   0;   7.8;   8.2; 1012.28;   10.4;   67.29;   14.5;    2.7;    0.8;eor
        691;20260325;    3;  21.3;   7.9;    3;   3.8;   6;    4.133;   0;   6.8;   7.7;  998.23;    7.4;   75.63;   13.0;    1.7;    0.1;eor
        691;20260326;    3;  20.2;   6.0;    3;   1.0;   8;    6.683;   0;   3.8;   6.0; 1011.75;    3.1;   79.33;    7.6;   -0.8;   -2.1;eor
        691;20260327;    3;   9.9;   3.6;    3;   2.5;   6;    9.083;   0;   3.9;   5.9; 1019.93;    4.6;   71.58;   10.0;   -1.7;   -4.3;eor
        691;20260328;    3;  13.4;   3.9;    3;   1.4;   6;    0.183;   0;   5.9;   7.7; 1016.90;    5.1;   86.75;    9.1;   -0.2;   -2.9;eor
        691;20260329;    3;  18.9;   5.0;    3;   2.9;   6;    7.617;   0;   4.6;   6.5; 1022.23;    6.1;   72.00;   11.3;   -0.3;   -3.0;eor
        691;20260330;    3;  19.5;   6.5;    3;   2.9;   6;    5.167;   0;   6.7;   7.6; 1013.23;    5.4;   84.42;    8.7;    3.3;    2.2;eor
        691;20260331;    3;  13.5;   5.1;    3;   0.7;   6;    5.167;   0;   5.5;   7.5; 1024.05;    6.3;   79.96;   11.2;    1.8;    0.0;eor
        691;20260401;    3;   6.7;   2.4;    3;   0.0;   0;    9.017;   0;   3.6;   7.3; 1024.13;    7.6;   71.63;   12.9;    2.8;   -1.4;eor
        691;20260402;    3;  11.1;   2.8;    3;   0.5;   6;    3.167;   0;   4.1;   7.0; 1015.97;    5.3;   78.96;   11.3;   -0.1;   -3.1;eor
        691;20260403;    3;  17.1;   4.5;    3;   2.2;   6;    5.800;   0;   6.7;   7.3; 1013.47;    6.6;   75.67;   11.5;   -0.8;   -3.5;eor
        691;20260404;    3;  12.2;   5.9;    3;   0.0;   0;   10.367;   0;   6.2;   8.8; 1014.45;   10.7;   69.25;   14.5;    7.2;    6.1;eor
        691;20260405;    3;  19.5;   8.1;    3;   2.6;   6;    4.667;   0;   6.8;   8.8; 1012.18;   11.0;   67.92;   14.6;    5.1;    3.4;eor
        691;20260406;    3;  14.4;   5.9;    3;   0.0;   0;   11.717;   0;   3.8;   6.5; 1025.37;    7.4;   64.92;   12.9;    0.9;   -2.1;eor
        691;20260407;    3;   8.9;   2.6;    3;   0.0;   0;   12.800;   0;   0.0;   7.1; 1027.76;    7.0;   73.13;   14.4;   -2.0;   -3.6;eor
        691;20260408;    3;   7.9;   3.3;    3;   0.0;   0;   11.650;   0;   4.3;   5.8; 1027.50;    8.7;   54.63;   15.8;    1.1;   -3.3;eor
        691;20260409;    3;  13.0;   5.9;    3;   1.6;   6;    8.350;   0;   5.7;   5.7; 1020.69;   10.2;   47.71;   15.6;    5.4;    3.8;eor
        691;20260410;    3;  13.5;   4.5;    3;   0.0;   0;    5.350;   0;   5.8;   7.4; 1016.42;    8.4;   67.92;   13.0;    3.3;   -0.2;eor
        691;20260411;    3;  15.9;   6.1;    3;   2.0;   6;   10.450;   0;   4.3;   7.1; 1013.20;    9.9;   61.25;   16.6;    1.9;   -1.0;eor
        691;20260412;    3;   7.7;   2.7;    3;   0.0;   0;    7.967;   0;   7.8;   8.2; 1014.90;    9.2;   72.13;   13.8;    4.4;    1.3;eor
        691;20260413;    3;   6.9;   2.6;    3;   7.3;   6;    0.000;   0;   7.3;   9.3; 1013.82;    7.7;   88.00;   10.1;    4.0;    0.7;eor
        691;20260414;    3;   9.3;   3.2;    3;   0.0;   0;    7.933;   0;   4.2;   8.9; 1018.78;   10.2;   73.75;   15.1;    4.8;    1.6;eor
        691;20260415;    3;   7.7;   2.6;    3;   0.0;   6;   10.383;   0;   4.4;   8.0; 1021.06;   11.8;   61.00;   18.2;    3.4;    0.4;eor
        691;20260416;    3;  10.8;   3.1;    3;   0.0;   0;    8.200;   0;   5.8;  10.0; 1019.74;   13.8;   64.83;   19.8;    6.7;    3.9;eor
        691;20260417;    1;   6.7;   2.1;    1;   0.0;   0;    3.867;   0;   7.0;  10.5; 1021.42;   13.6;   69.79;   19.5;    5.3;    3.2;eor
        691;20260418;    1;   9.4;   2.4;    1;   0.4;   6;    1.000;   0;   7.5;  10.9; 1019.28;   12.9;   74.54;   18.8;    6.7;    4.5;eor
        691;20260419;    1;  12.2;   4.6;    1;   2.0;   6;    0.317;   0;   7.5;   9.6; 1019.22;    8.9;   84.25;   11.1;    6.5;    6.3;eor
        691;20260420;    1;  11.8;   5.2;    1;   6.2;   6;    2.850;   0;   5.7;   8.0; 1020.23;    7.1;   79.50;   12.3;    3.9;    2.5;eor
        691;20260421;    1;   9.8;   4.0;    1;   0.0;   0;   13.717;   0;   0.1;   5.8; 1025.67;    7.7;   58.21;   14.0;    0.7;   -1.7;eor
        691;20260422;    1;   8.6;   2.6;    1;   0.0;   0;   13.783;   0;   0.4;   6.0; 1027.55;    8.9;   57.21;   16.5;   -1.3;   -3.7;eor
        691;20260423;    1;  13.4;   6.5;    1;   0.0;   0;   12.067;   0;   4.3;   8.5; 1026.20;    8.9;   75.25;   15.3;    4.6;    4.7;eor
        691;20260424;    1;  11.7;   6.7;    1;   0.0;   0;    6.917;   0;   6.4;   8.6; 1021.43;    8.5;   77.71;   12.9;    6.4;    6.1;eor
        691;20260425;    1;  13.0;   6.4;    1;   0.0;   0;    7.150;   0;   5.7;   8.1; 1018.48;    9.0;   70.96;   14.4;    4.3;    2.5;eor
        691;20260426;    1;   8.1;   2.5;    1;   0.0;   0;   12.750;   0;   3.7;   7.2; 1024.50;    8.5;   68.13;   16.1;    1.0;   -2.0;eor
        691;20260427;    1;   8.1;   3.0;    1;   0.0;   0;    9.317;   0;   6.5;   7.2; 1024.39;    7.8;   69.46;   12.4;   -0.5;   -2.0;eor
        691;20260428;    1;  12.3;   5.4;    1;   0.0;   0;   13.950;   0;   2.2;   5.6; 1025.59;   10.8;   45.21;   16.7;    5.1;    2.0;eor
        691;20260429;    1;   9.8;   4.2;    1;   0.0;   0;   14.133;   0;   2.8;   5.7; 1029.08;   10.9;   45.79;   16.8;    3.4;    0.7;eor
        691;20260430;    1;   9.3;   2.8;    1;   0.0;   0;   14.267;   0;   5.2;   6.7; 1030.54;   11.8;   51.63;   19.3;    3.0;   -0.3;eor
        691;20260501;    1;  11.8;   3.6;    1;   0.0;   0;   14.333;   0;   0.0;   8.7; 1026.21;   15.4;   52.71;   22.6;    5.3;    1.5;eor
        691;20260502;    1;  11.8;   3.8;    1;   5.6;   6;   12.450;   0;   3.6;  11.0; 1017.04;   18.0;   55.54;   25.9;   10.1;    6.9;eor
        691;20260503;    1;  13.9;   3.6;    1;   0.3;   6;    6.917;   0;   7.7;  14.0; 1010.37;   17.5;   73.13;   24.7;   11.6;   11.0;eor
        691;20260504;    1;   7.7;   3.1;    1;   5.6;   6;    3.967;   0;   7.0;  13.3; 1012.13;   14.6;   80.00;   18.9;    9.8;    9.2;eor
        691;20260505;    1;   7.9;   3.6;    1;   1.2;   6;    0.000;   0;   7.8;  10.8; 1010.47;   10.3;   85.67;   12.9;    7.6;    7.3;eor
        691;20260506;    1;  11.3;   4.3;    1;   5.3;   6;    0.000;   0;   7.8;   9.2; 1008.45;    9.7;   76.75;   11.0;    7.8;    6.9;eor
        691;20260507;    1;   7.7;   2.8;    1;   0.0;   0;    5.167;   0;   5.1;   9.3; 1015.06;    9.9;   77.38;   15.3;    5.0;    3.0;eor
        691;20260508;    1;   9.3;   2.9;    1;   0.0;   0;   14.633;   0;   0.5;   8.2; 1019.48;   10.4;   68.96;   16.3;    1.8;    0.2;eor
        691;20260509;    1;   8.6;   3.2;    1;   0.0;   0;    3.467;   0;   5.5;   9.8; 1019.07;   11.8;   72.08;   16.7;    4.8;    2.1;eor
        691;20260510;    1;  10.8;   3.7;    1;   0.0;   6;    9.783;   0;   6.7;  10.3; 1012.22;   13.0;   68.71;   18.4;    8.3;    7.7;eor
        691;20260511;    1;  14.9;   5.7;    1;   2.2;   6;    3.250;   0;   6.9;   7.3; 1002.45;    8.0;   68.13;   11.6;    5.1;    4.1;eor
        691;20260512;    1;  14.9;   5.2;    1;   3.6;   6;    1.950;   0;   7.6;   8.2; 1006.39;    7.9;   77.38;   11.2;    4.6;    4.1;eor
        691;20260513;    1;  13.7;   3.3;    1;   7.4;   6;    4.533;   0;   6.8;   9.0;  999.87;    8.5;   81.71;   11.6;    6.1;    5.2;eor
        691;20260514;    1;   9.6;   2.0;    1;   2.2;   6;    1.500;   0;   6.9;   8.9;  996.60;    7.5;   86.08;   12.3;    3.3;    0.8;eor
        691;20260515;    1;  11.3;   3.2;    1;   0.8;   6;    7.983;   0;   4.7;   8.3; 1001.00;    7.7;   80.04;   13.7;    0.7;   -0.9;eor
        691;20260516;    1;  14.2;   4.8;    1;   0.6;   6;    9.067;   0;   6.8;   8.3; 1006.53;    9.1;   72.58;   13.5;    5.6;    4.6;eor
        691;20260517;    1;  11.5;   3.4;    1;   0.3;   6;    2.033;   0;   6.5;   9.8; 1012.10;   11.3;   73.50;   15.1;    4.0;    0.7;eor
        691;20260518;    1;   8.7;   3.2;    1;   1.3;   6;    0.700;   0;   7.6;  11.7; 1013.20;   12.6;   80.75;   16.8;    6.7;    4.8;eor
        691;20260519;    1;   9.4;   2.7;    1;   2.2;   6;    9.583;   0;   4.3;  10.9; 1016.20;   12.7;   76.17;   18.9;    4.0;    2.1;eor
        691;20260520;    1;  15.1;   3.9;    1;   2.7;   6;    3.267;   0;   7.3;  14.0; 1018.32;   14.2;   86.42;   19.4;   12.0;   11.3;eor
        691;20260521;    1;   7.5;   3.0;    1;   0.0;   0;    2.533;   0;   6.6;  14.0; 1025.71;   15.8;   78.08;   20.2;    9.7;    8.4;eor
        691;20260522;    1;   4.3;   1.3;    1;   0.0;   0;    9.917;   0;   5.0;  14.4; 1027.99;   17.3;   74.46;   24.2;    8.3;    7.0;eor
        691;20260523;    1;   7.2;   2.1;    1;   0.0;   0;   14.833;   0;   2.9;  16.3; 1026.24;   21.2;   68.25;   28.8;   13.0;   10.1;eor
        691;20260524;    1;   9.3;   3.6;    1;   0.0;   0;   14.900;   0;   4.2;  13.5; 1029.99;   18.2;   66.92;   22.8;   11.0;    9.1;eor
        691;20260525;    1;   6.5;   1.7;    1;   0.0;   0;   15.333;   0;   0.2;  13.1; 1031.75;   18.8;   64.46;   26.3;    8.5;    6.8;eor
        691;20260526;    1;  12.7;   3.1;    1;   0.0;   0;   14.900;   0;   0.0;  15.1; 1026.57;   21.9;   61.96;   30.3;   11.6;    9.3;eor
        691;20260527;    1;  11.5;   4.9;    1;   0.0;   0;   15.600;   0;   0.7;  11.1; 1026.00;   14.9;   66.25;   18.7;    6.8;    5.2;eor
        691;20260528;    1;   7.0;   2.6;    1;   0.0;   0;   15.400;   0;   1.0;   9.7; 1025.49;   14.1;   64.21;   21.0;    5.3;    3.2;eor
        691;20260529;    1;  24.7;   3.0;    1;   2.3;   6;    9.900;   0;   4.3;  14.0; 1021.25;   18.6;   67.21;   29.7;    7.9;    5.2;eor
        691;20260530;    1;   8.2;   3.4;    1;   0.0;   0;   11.617;   0;   4.0;  14.5; 1019.11;   17.5;   73.67;   23.5;   11.1;    8.7;eor
        691;20260531;    1;   8.2;   2.4;    1;   0.0;   6;    9.400;   0;   6.5;  13.1; 1012.87;   16.3;   72.38;   23.5;    8.6;    7.3;eor
        691;20260601;    1;   6.0;   2.0;    1;   0.0;   0;    6.733;   0;   6.5;  12.9; 1014.24;   17.2;   68.29;   22.7;   10.1;    8.4;eor
        691;20260602;    1;  12.5;   3.5;    1;  14.0;   6;    7.383;   0;   7.7;  15.6; 1006.18;   18.2;   75.63;   25.0;   13.8;   12.5;eor
        691;20260603;    1;  14.2;   4.1;    1;   7.0;   6;    4.617;   0;   7.2;  14.9; 1004.83;   16.1;   81.75;   20.9;   13.7;   12.9;eor
        691;20260604;    1;  12.3;   4.9;    1;   8.3;   6;    2.233;   0;   7.3;  14.4; 1001.05;   15.5;   81.67;   19.8;   13.0;   12.1;eor
        691;20260605;    1;  12.3;   3.6;    1;  15.7;   6;    3.650;   0;   6.2;  14.1; 1010.23;   14.5;   85.08;   18.7;   11.9;   10.4;eor
        691;20260606;    1;  10.3;   2.5;    1;   0.9;   6;    8.467;   0;   6.5;  14.3; 1014.46;   16.4;   78.92;   22.6;   11.2;    9.9;eor
        691;20260607;    1;  13.5;   5.2;    1;   1.1;   6;    2.017;   0;   7.6;  14.5; 1018.14;   15.3;   83.38;   18.5;   12.0;    9.5;eor
        691;20260608;    1;  15.1;   3.2;    1;   2.3;   6;    7.533;   0;   8.0;  14.4; 1015.02;   17.7;   72.46;   21.7;   10.6;    8.9;eor
        691;20260609;    1;  16.6;   5.0;    1;   1.8;   6;    6.100;   0;   6.4;  12.2; 1011.78;   13.8;   77.75;   18.9;    8.5;    7.1;eor
        691;20260610;    1;  15.3;   3.7;    1;   4.7;   6;   10.800;   0;   3.8;  11.0; 1015.16;   12.6;   76.92;   19.2;    7.8;    6.7;eor
        691;20260611;    1;  11.0;   2.8;    1;   1.7;   6;    8.217;   0;   6.9;  11.5; 1017.92;   12.4;   81.33;   18.0;    8.0;    7.2;eor
        691;20260612;    1;  15.9;   4.7;    1;   3.0;   6;    1.050;   0;   7.8;  14.4; 1014.79;   15.1;   84.46;   19.7;   10.9;   10.8;eor
        691;20260613;    1;  21.6;   6.9;    1;   8.1;   6;    6.717;   0;   5.5;  13.0; 1014.15;   14.9;   76.71;   18.4;   11.0;    9.5;eor
        691;20260614;    1;  13.9;   6.8;    1;   0.9;   6;    3.383;   0;   7.5;  12.3; 1012.06;   13.5;   79.42;   16.9;   10.5;   10.0;eor
        691;20260615;    1;  13.5;   6.1;    1;   0.0;   6;    4.683;   0;   6.7;  11.6; 1012.99;   13.2;   76.71;   16.9;    8.4;    6.6;eor
        691;20260616;    1;   7.7;   2.1;    1;   0.0;   6;    9.500;   0;   5.7;  11.3; 1014.57;   14.5;   69.79;   20.9;    7.6;    4.9;eor
        691;20260617;    1;   8.2;   2.3;    1;   0.3;   6;    4.650;   0;   7.0;  15.1; 1017.46;   17.0;   76.92;   23.9;    7.9;    6.5;eor
        691;20260618;    1;   8.7;   2.3;    1;   6.3;   6;   10.567;   0;   7.0;  19.9; 1017.36;   22.9;   73.29;   28.7;   15.9;   14.2;eor
        691;20260619;    1;  17.5;   2.6;    1;   2.4;   6;   12.083;   0;   4.6;  22.6; 1014.94;   25.5;   71.13;   31.8;   19.1;   18.6;eor
        691;20260620;    1;  15.9;   4.0;    1;   0.3;   6;   11.233;   0;   4.7;  20.7; 1017.95;   24.5;   68.83;   30.8;   17.0;   15.9;eor
        691;20260621;    1;   7.2;   3.0;    1;   0.0;   6;    7.200;   0;   5.5;  18.8; 1025.20;   21.4;   74.46;   26.6;   15.8;   15.2;eor
        691;20260622;    1;   9.1;   3.9;    1;   0.0;   0;   12.633;   0;   5.1;  15.2; 1026.18;   20.5;   63.75;   26.3;   15.9;   14.6;eor
        691;20260623;    1;   8.1;   2.4;    1;   0.0;   0;   14.533;   0;   3.6;  15.3; 1021.71;   21.5;   60.96;   27.7;   14.7;   13.8;eor
        691;20260624;    1;   6.2;   2.0;    1;   0.0;   0;   15.583;   0;   1.5;  18.4; 1018.13;   25.6;   57.25;   33.1;   15.6;   13.3;eor
        691;20260625;    1;   8.9;   3.3;    1;   0.0;   0;   15.650;   0;   0.0;  19.1; 1019.39;   23.9;   65.67;   29.8;   17.3;   14.5;eor
        691;20260626;    1;   9.3;   3.3;    1;   0.0;   0;   15.850;   0;   1.3;  20.2; 1017.06;   27.0;   59.42;   34.5;   16.1;   13.4;eor
        691;20260627;    1;   9.8;   2.9;    1;   0.0;   6;   13.183;   0;   3.1;  24.9; 1014.76;   29.6;   61.67;   37.3;   23.2;   21.0;eor
        691;20260628;    1;  15.9;   5.3;    1;   0.0;   6;    9.483;   0;   4.9;  21.5; 1016.50;   26.0;   64.67;   32.2;   20.7;   19.4;eor
